2.028292268514633179e-01	-1.112668633460998535e+00	4.750600084662437439e-02	2.256922870874404907e-01	1.482602506875991821e-01	1.120494976639747620e-01	8.774697780609130859e-01	7.224677801132202148e-01
8.842424154281616211e-01	1.964249312877655029e-01	-1.300111413002014160e+00	-8.853201270103454590e-01	5.195732712745666504e-01	-3.568241596221923828e-01	-2.403520941734313965e-01	9.816996455192565918e-01
-8.604661375284194946e-02	1.248476982116699219e+00	2.693301141262054443e-01	1.207331344485282898e-01	1.655211299657821655e-01	2.050817310810089111e-01	-1.345674633979797363e+00	-1.485290527343750000e+00
6.060374379158020020e-01	2.560945451259613037e-01	6.130514144897460938e-01	-1.584745883941650391e+00	2.372483015060424805e-01	-4.575347602367401123e-01	8.910275101661682129e-01	-2.206305742263793945e+00
1.189708262681961060e-01	2.585742250084877014e-02	-1.021368354558944702e-01	2.231093645095825195e-01	1.341346800327301025e-01	-1.349963992834091187e-02	1.721636354923248291e-01	1.629811525344848633e-01
2.714351713657379150e-01	-3.592979609966278076e-01	9.722006320953369141e-01	-1.088140845298767090e+00	-4.543931782245635986e-01	-3.123352527618408203e-01	-8.888339251279830933e-02	-7.805826663970947266e-01
1.330978870391845703e+00	-5.953273177146911621e-01	5.796784758567810059e-01	-7.633218765258789062e-01	-6.471233367919921875e-01	-5.673443078994750977e-01	-5.313046574592590332e-01	-4.241468012332916260e-01
-9.084230065345764160e-01	1.445457100868225098e+00	5.275492668151855469e-01	1.173263788223266602e+00	-3.148000836372375488e-01	-5.241979360580444336e-01	8.024911284446716309e-01	6.210281848907470703e-01
-9.067685902118682861e-02	-1.263897180557250977e+00	2.265489548444747925e-01	-5.517461299896240234e-01	6.940577924251556396e-02	1.785438060760498047e-01	2.005379050970077515e-01	3.521670997142791748e-01
-7.727040052413940430e-01	8.643460869789123535e-01	5.458962321281433105e-01	-1.385073184967041016e+00	-8.649936914443969727e-01	5.442495942115783691e-01	5.576462745666503906e-01	4.962892532348632812e-01
6.573743224143981934e-01	6.755639314651489258e-01	-1.516732573509216309e+00	-1.290532946586608887e+00	1.934039145708084106e-01	5.449114441871643066e-01	-1.176676988601684570e+00	9.080520868301391602e-01
5.326296687126159668e-01	6.544156670570373535e-01	-1.446678400039672852e+00	4.110488295555114746e-01	-1.095414042472839355e+00	3.400240838527679443e-02	6.593773365020751953e-01	-1.245790362358093262e+00
-5.768728256225585938e-01	-9.661415219306945801e-01	1.070136666297912598e+00	7.661626338958740234e-01	5.881026387214660645e-01	-7.656559348106384277e-01	-2.373169511556625366e-01	1.277841448783874512e+00
5.978444218635559082e-01	6.586502194404602051e-01	-1.047326922416687012e+00	8.431380987167358398e-01	2.708128690719604492e-01	5.934326648712158203e-01	-1.244840741157531738e+00	-1.242631435394287109e+00
8.611360192298889160e-01	-1.016857624053955078e+00	-1.019024133682250977e+00	1.249645575881004333e-01	-9.436902403831481934e-01	1.394408494234085083e-01	9.775755405426025391e-01	-1.135902047157287598e+00
6.419784426689147949e-01	4.162984788417816162e-01	-1.358967185020446777e+00	1.015287518501281738e+00	2.256732881069183350e-01	1.682330816984176636e-01	-1.723518252372741699e+00	-9.667095541954040527e-01
-6.672831177711486816e-01	7.722629308700561523e-01	-2.728269398212432861e-01	-5.455612540245056152e-01	8.138363361358642578e-01	-5.399642586708068848e-01	-4.616334438323974609e-01	8.201997280120849609e-01
2.286045625805854797e-02	9.339372813701629639e-02	9.075634181499481201e-02	4.736943170428276062e-03	1.867629438638687134e-01	1.553024202585220337e-01	1.132244542241096497e-01	-3.113328665494918823e-02
-2.857357859611511230e-01	-9.687451124191284180e-01	8.900452852249145508e-01	2.933397591114044189e-01	5.743198394775390625e-01	5.516155362129211426e-01	-1.068037629127502441e+00	-6.746221184730529785e-01
-5.389695167541503906e-01	-7.112210988998413086e-01	1.530503511428833008e+00	1.538531899452209473e+00	-3.398263752460479736e-01	-1.181978806853294373e-01	-1.127136230468750000e+00	1.552238345146179199e+00
8.979550004005432129e-01	4.491729736328125000e-01	-1.015774011611938477e+00	-3.113248050212860107e-01	-3.963937163352966309e-01	-2.619283497333526611e-01	-5.779393315315246582e-01	5.584031939506530762e-01
1.449709385633468628e-01	-8.259109407663345337e-02	-1.528251618146896362e-01	-4.216623678803443909e-02	5.210990086197853088e-02	-6.172154098749160767e-02	-1.472710669040679932e-01	-2.979042530059814453e-01
-8.997703343629837036e-02	-1.152906194329261780e-02	-7.710556685924530029e-02	-1.200420260429382324e-01	-3.999917209148406982e-02	1.086407229304313660e-01	7.421889901161193848e-02	-4.565478861331939697e-02
2.182065546512603760e-01	-1.271041274070739746e+00	-1.942367196083068848e+00	2.222591191530227661e-01	1.512828022241592407e-01	2.488756477832794189e-01	2.830297648906707764e-01	3.453599214553833008e-01
-6.756815314292907715e-02	-1.889603585004806519e-01	-6.687846034765243530e-02	-8.664363026618957520e-01	1.775732755661010742e+00	1.147207617759704590e-01	1.487251162528991699e+00	-6.311643719673156738e-01
1.823395639657974243e-01	5.507628321647644043e-01	-1.581810355186462402e+00	-5.442748069763183594e-01	-1.160088062286376953e+00	6.352504491806030273e-01	9.768146872520446777e-01	6.560382843017578125e-01
9.126321673393249512e-01	7.625645995140075684e-01	4.379083216190338135e-01	5.624598860740661621e-01	-1.249950170516967773e+00	-6.566706895828247070e-01	5.518605709075927734e-01	-1.218915700912475586e+00
-9.059282541275024414e-01	-3.894663453102111816e-01	1.053736686706542969e+00	5.757402181625366211e-01	-6.294618248939514160e-01	7.241868376731872559e-01	1.335262060165405273e-01	5.995263457298278809e-01
-4.858202934265136719e-01	-6.920940876007080078e-01	-1.261598318815231323e-01	-5.280912518501281738e-01	-2.603663504123687744e-01	1.802070379257202148e+00	1.405556082725524902e+00	-2.929741144180297852e-01
9.542588591575622559e-01	-5.277181863784790039e-01	6.768884658813476562e-01	1.412753313779830933e-01	-1.214929580688476562e+00	-9.498528838157653809e-01	2.124141007661819458e-01	-1.533429145812988281e+00
-4.107029363512992859e-02	-1.524930149316787720e-01	1.577773243188858032e-01	9.061144292354583740e-02	-1.285523176193237305e-01	-1.624444574117660522e-01	4.275577142834663391e-02	-4.522994458675384521e-01
8.963383436203002930e-01	-3.354488313198089600e-01	-7.413998842239379883e-01	6.979452371597290039e-01	-7.444135546684265137e-01	7.838502526283264160e-01	-5.436539649963378906e-01	-4.969940483570098877e-01
1.169081926345825195e+00	-3.921631276607513428e-01	6.209737062454223633e-01	-5.940119028091430664e-01	-6.267386078834533691e-01	-2.946954965591430664e-01	-1.151900768280029297e+00	4.673891663551330566e-01
3.690339922904968262e-01	2.629318237304687500e-01	1.155983805656433105e+00	-1.018569946289062500e+00	-2.621512413024902344e-01	-8.021940290927886963e-02	-5.710459947586059570e-01	-5.538837313652038574e-01
-1.257803291082382202e-01	-1.068216003477573395e-02	-3.007306950166821480e-03	5.010262504220008850e-02	6.513541191816329956e-02	-1.033770367503166199e-01	2.363793104887008667e-01	-2.823573052883148193e-01
-9.639881849288940430e-01	7.029986381530761719e-01	6.127162650227546692e-02	1.021601438522338867e+00	-1.095490336418151855e+00	5.987416505813598633e-01	1.835802495479583740e-01	2.983016669750213623e-01
-5.692581534385681152e-01	8.606203645467758179e-02	1.197296023368835449e+00	-1.249169707298278809e+00	5.273743867874145508e-01	2.822021245956420898e-01	5.515995621681213379e-01	1.464710533618927002e-01
-9.223938584327697754e-01	6.349018216133117676e-01	1.018172383308410645e+00	-7.296504378318786621e-01	-2.865389287471771240e-01	7.003208398818969727e-01	3.659633100032806396e-01	9.141260385513305664e-01
-8.043032288551330566e-01	3.762081861495971680e-01	5.592357516288757324e-01	7.185219526290893555e-01	5.907175540924072266e-01	-7.573585510253906250e-01	4.600974023342132568e-01	-1.666565895080566406e+00
8.235885947942733765e-02	9.272541999816894531e-01	-3.227142989635467529e-01	5.530378222465515137e-02	3.671627342700958252e-01	-1.897981166839599609e+00	5.546019077301025391e-01	3.886173665523529053e-02
1.212235808372497559e+00	-3.087045550346374512e-01	-8.218466043472290039e-01	-6.071767807006835938e-01	-6.826221346855163574e-01	-5.889446139335632324e-01	-3.780530691146850586e-01	-6.650044023990631104e-02
-4.779135584831237793e-01	1.234894394874572754e+00	-2.918211556971073151e-02	-1.403648555278778076e-01	-7.190862298011779785e-01	1.437096834182739258e+00	-1.737409085035324097e-01	-2.904742658138275146e-01
-9.242112040519714355e-01	6.693403720855712891e-01	-4.105058014392852783e-01	7.870941758155822754e-01	5.731331706047058105e-01	7.397485971450805664e-01	9.382241964340209961e-01	-9.179769754409790039e-01
-8.849674463272094727e-01	3.215219080448150635e-01	-3.252495229244232178e-01	2.141648232936859131e-01	5.149680376052856445e-01	5.239011645317077637e-01	5.712821483612060547e-01	-1.191217899322509766e+00
3.534414991736412048e-02	3.862766027450561523e-01	-2.568318247795104980e-01	1.701019406318664551e-01	-3.490247130393981934e-01	-2.505340576171875000e-01	-2.012221068143844604e-01	2.164306193590164185e-01
-8.136871457099914551e-01	6.879884600639343262e-01	-9.059708565473556519e-02	1.152118444442749023e+00	-1.153608560562133789e+00	6.146959662437438965e-01	-6.167637705802917480e-01	8.258804678916931152e-01
9.943190217018127441e-01	-5.480402708053588867e-01	-1.391014009714126587e-01	-3.989449143409729004e-01	-5.186284780502319336e-01	8.709176182746887207e-01	-7.871620059013366699e-01	-2.860317230224609375e-01
7.005956768989562988e-01	-8.828618526458740234e-01	-4.716955721378326416e-01	-1.123123317956924438e-01	-4.696820080280303955e-01	-7.362949252128601074e-01	5.912397503852844238e-01	4.505788981914520264e-01
-8.045654892921447754e-01	7.489006519317626953e-01	8.526170253753662109e-01	-6.699995994567871094e-01	7.181841135025024414e-01	1.346974968910217285e+00	-4.492225050926208496e-01	-4.099682271480560303e-01
-1.172480463981628418e+00	-7.342475652694702148e-02	-1.032821461558341980e-01	4.867146313190460205e-01	4.071870148181915283e-01	7.271527647972106934e-01	6.051222085952758789e-01	8.837266564369201660e-01
