-3.430561721324920654e-01	-1.292133092880249023e+00	-1.649128198623657227e-01	2.454293012619018555e+00	1.331349015235900879e+00	-7.676775455474853516e-01	-1.017958402633666992e+00	7.657718658447265625e-01
-5.696926116943359375e-01	2.256297111511230469e+00	-1.060526013374328613e+00	-5.660780072212219238e-01	-3.275528550148010254e-01	-7.132361531257629395e-01	1.919758200645446777e+00	5.751789808273315430e-01
5.595045089721679688e-01	2.601504027843475342e-01	9.828156232833862305e-01	-1.252220034599304199e+00	-1.427120804786682129e+00	-3.305220007896423340e-01	-8.748669028282165527e-01	6.038162708282470703e-01
-5.568039417266845703e-01	-3.940546810626983643e-01	9.085958003997802734e-01	2.221389770507812500e+00	-3.925189971923828125e-01	-6.756965517997741699e-01	1.401214361190795898e+00	-6.422086358070373535e-01
1.779229640960693359e+00	-5.995791554450988770e-01	-2.298475801944732666e-01	-1.042387485504150391e+00	-3.264705836772918701e-01	-4.751666188240051270e-01	-4.086353182792663574e-01	1.089075431227684021e-01
-1.027548313140869141e+00	1.584689378738403320e+00	-3.877154588699340820e-01	1.450133919715881348e+00	-9.308950901031494141e-01	-9.978532195091247559e-01	1.609030842781066895e+00	2.563172578811645508e-01
8.382669687271118164e-01	-1.503465890884399414e+00	4.577995836734771729e-01	-2.428080081939697266e+00	9.378871321678161621e-02	1.936518400907516479e-01	8.693377375602722168e-01	-1.137706041336059570e+00
-8.229199647903442383e-01	-4.866706430912017822e-01	1.044544577598571777e+00	-9.505325555801391602e-01	-2.263973206281661987e-01	7.363461852073669434e-01	-6.073502302169799805e-01	1.423225164413452148e+00
-3.492664694786071777e-01	6.172859668731689453e-01	3.252386748790740967e-01	-7.271351218223571777e-01	-1.284123420715332031e+00	-1.724575012922286987e-01	4.310454726219177246e-01	1.240436196327209473e+00
-9.399944543838500977e-02	2.131862342357635498e-01	3.076392710208892822e-01	-1.147186756134033203e-01	3.696377277374267578e-01	5.237649381160736084e-02	1.671809405088424683e-01	5.067587271332740784e-02
7.534712553024291992e-01	5.224956274032592773e-01	-3.132212638854980469e+00	2.932657003402709961e-01	-3.204330205917358398e+00	2.041819393634796143e-01	1.318891048431396484e-01	7.871729731559753418e-01
-1.978667974472045898e-01	1.449377775192260742e+00	-3.692556023597717285e-01	-1.155233383178710938e-01	4.271856695413589478e-02	2.432572841644287109e-02	-4.776265919208526611e-01	1.579727292060852051e+00
4.938159510493278503e-02	2.868990898132324219e-01	-1.803683117032051086e-02	2.347952574491500854e-01	2.403314262628555298e-01	-6.549858301877975464e-02	9.225027263164520264e-02	2.400511801242828369e-01
5.834255814552307129e-01	1.505791842937469482e-01	-1.439587950706481934e+00	6.056901812553405762e-01	3.124780654907226562e-01	-1.006026268005371094e+00	-1.020312428474426270e+00	2.484641522169113159e-01
7.065516710281372070e-01	8.696074485778808594e-01	-1.580799937248229980e+00	-4.612611234188079834e-01	-1.328674316406250000e+00	6.383728981018066406e-01	1.999785900115966797e-01	-1.369032979011535645e+00
5.261603593826293945e-01	4.047572016716003418e-01	6.761845946311950684e-01	4.145262241363525391e-01	-2.033245801925659180e+00	-7.854351997375488281e-01	-9.548634886741638184e-01	2.748237550258636475e-01
-9.031957983970642090e-01	8.207057714462280273e-01	1.269086837768554688e+00	-4.664463996887207031e-01	1.271001338958740234e+00	-4.273126423358917236e-01	-2.737879157066345215e-01	1.740340828895568848e+00
1.518228352069854736e-01	2.024963311851024628e-02	4.339253902435302734e-01	-5.561727046966552734e+00	-5.868291854858398438e-01	1.370557099580764771e-01	4.713750481605529785e-01	1.681262254714965820e-01
2.649077475070953369e-01	6.326588392257690430e-01	4.129249453544616699e-01	6.800220608711242676e-01	1.107480898499488831e-01	-1.426446914672851562e+00	-2.656109035015106201e-01	-8.754585981369018555e-01
1.018415093421936035e+00	5.264924466609954834e-02	1.773617863655090332e-01	1.333049088716506958e-01	-1.064063549041748047e+00	-1.169058084487915039e+00	4.687019437551498413e-02	-4.164490103721618652e-01
-4.280655980110168457e-01	7.329175472259521484e-01	3.325319588184356689e-01	6.148118898272514343e-02	-3.313598632812500000e-01	6.431441754102706909e-02	-2.687205970287322998e-01	7.074957340955734253e-02
6.134042143821716309e-01	-1.486171126365661621e+00	-6.870629191398620605e-01	8.092609047889709473e-01	9.789797067642211914e-01	-1.677217602729797363e+00	8.702857494354248047e-01	-9.949254244565963745e-02
-3.936164677143096924e-01	-8.698574453592300415e-02	-7.465685009956359863e-01	-2.803164720535278320e-01	4.401348114013671875e+00	-5.510418675839900970e-03	4.883903264999389648e-02	-4.682542085647583008e-01
-4.656739830970764160e-01	3.898724615573883057e-01	9.295249581336975098e-01	6.983523964881896973e-01	-1.028161168098449707e+00	2.610599100589752197e-01	-1.346497774124145508e+00	1.859215199947357178e-01
6.647145152091979980e-01	7.097162604331970215e-01	1.385520100593566895e+00	-1.004426240921020508e+00	-1.211031556129455566e+00	-4.461474716663360596e-01	1.352853886783123016e-02	-2.526805996894836426e-01
1.749954223632812500e-01	-6.647487282752990723e-01	-5.073754191398620605e-01	-6.101310253143310547e-02	7.628854513168334961e-01	-3.073875233530998230e-02	3.819868266582489014e-01	-1.129698395729064941e+00
-5.624653100967407227e-01	-1.243034839630126953e+00	5.880712866783142090e-01	-7.516838908195495605e-01	-8.165935277938842773e-01	1.410831332206726074e+00	1.991405487060546875e+00	1.427096724510192871e+00
1.596235752105712891e+00	-6.784318089485168457e-01	-1.628403425216674805e+00	-1.010552883148193359e+00	1.410360336303710938e+00	-2.394626885652542114e-01	-2.381941378116607666e-01	1.167890787124633789e+00
-4.775454699993133545e-01	-2.454659044742584229e-01	3.396465182304382324e-01	1.053520083427429199e+00	1.612166911363601685e-01	8.651126623153686523e-01	-6.044442653656005859e-01	-4.350300133228302002e-01
-8.819754719734191895e-01	1.498660206794738770e+00	-5.542841553688049316e-01	-1.419125437736511230e+00	1.997707366943359375e+00	1.889663696289062500e+00	-9.360384941101074219e-02	-3.339032232761383057e-01
3.930613398551940918e-02	-2.437835931777954102e-02	2.498588413000106812e-01	3.415804505348205566e-01	-4.645462632179260254e-01	3.206938207149505615e-01	2.908948659896850586e-01	-1.624975204467773438e+00
-2.104068398475646973e-01	1.189818859100341797e+00	4.521791636943817139e-01	4.623308479785919189e-01	9.669769555330276489e-02	-2.093877315521240234e+00	8.245749473571777344e-01	-1.351269602775573730e+00
3.222087919712066650e-01	7.843931764364242554e-02	7.144583463668823242e-01	1.249270439147949219e-01	-6.603454113006591797e+00	3.849310576915740967e-01	-3.191870078444480896e-02	7.590411305427551270e-01
-7.567008137702941895e-01	-7.373374104499816895e-01	2.239204645156860352e+00	-8.990046381950378418e-01	1.926940865814685822e-02	-5.026481747627258301e-01	1.481023073196411133e+00	1.058959364891052246e+00
4.562865197658538818e-01	-1.613412499427795410e+00	-1.916925668716430664e+00	7.590848952531814575e-02	-4.148543775081634521e-01	3.118113577365875244e-01	5.710753798484802246e-01	8.655371665954589844e-01
8.557197451591491699e-01	1.021713137626647949e+00	-2.168640851974487305e+00	7.431494593620300293e-01	-1.387627720832824707e+00	2.536708116531372070e-01	3.815898895263671875e-01	-1.647061467170715332e+00
-1.908995032310485840e+00	7.472046613693237305e-01	8.111122846603393555e-01	5.723422765731811523e-01	6.451586484909057617e-01	5.816345810890197754e-01	1.031935438513755798e-01	9.829424321651458740e-02
-1.476894855499267578e+00	1.848516106605529785e+00	-2.002260208129882812e+00	7.826085686683654785e-01	1.795085430145263672e+00	1.147249102592468262e+00	4.370965361595153809e-01	5.953053236007690430e-01
4.982755780220031738e-01	-1.307090163230895996e+00	4.074702858924865723e-01	4.491666257381439209e-01	-1.347006559371948242e+00	9.358032941818237305e-01	-1.307899355888366699e+00	1.296342015266418457e-01
-2.065055608749389648e+00	6.298615932464599609e-01	1.617516428232192993e-01	6.730517745018005371e-01	2.838065326213836670e-01	-5.383760854601860046e-02	1.663284301757812500e-01	-2.728395760059356689e-01
1.295888304710388184e+00	-9.058555960655212402e-01	-1.996122598648071289e+00	-1.287154316902160645e+00	1.503746390342712402e+00	-6.627110838890075684e-01	-9.701436758041381836e-01	6.424655318260192871e-01
-1.180649995803833008e-01	-2.448015809059143066e-01	-2.754280529916286469e-02	-2.696659862995147705e-01	-4.606305360794067383e-01	4.017927646636962891e+00	-3.922985196113586426e-01	1.614174097776412964e-01
-4.586685895919799805e-01	-1.291777729988098145e+00	-4.765619933605194092e-01	2.198040246963500977e+00	-8.334195613861083984e-01	1.891041398048400879e+00	-6.702849864959716797e-01	9.970972537994384766e-01
-7.299802452325820923e-02	1.390401840209960938e+00	1.956309080123901367e-01	1.019003093242645264e-01	-5.754356384277343750e-01	-4.285141527652740479e-01	-4.932545721530914307e-01	9.561170935630798340e-01
2.184804379940032959e-01	-3.039887547492980957e-01	-3.602368533611297607e-01	-7.341539859771728516e-01	-9.222580194473266602e-01	-5.280714631080627441e-01	6.050158739089965820e-01	1.444238901138305664e+00
-5.817835032939910889e-02	-1.058713555335998535e+00	8.709191679954528809e-01	1.498970985412597656e-01	-1.413954496383666992e-01	-6.769359111785888672e-02	2.171048641204833984e+00	-6.790165901184082031e-01
-1.083220362663269043e+00	2.208698987960815430e-01	2.100036382675170898e+00	-9.063864350318908691e-01	8.795821070671081543e-01	1.388790607452392578e+00	4.457848072052001953e-01	-8.563520312309265137e-01
-6.708472967147827148e-01	3.338047564029693604e-01	5.033124089241027832e-01	3.562601506710052490e-01	4.371268749237060547e-01	1.114422321319580078e+00	-1.039135932922363281e+00	-6.949595212936401367e-01
8.316079974174499512e-01	5.954445004463195801e-01	-1.180915594100952148e+00	-1.787753462791442871e+00	6.327717900276184082e-01	6.691669225692749023e-01	-1.248338818550109863e+00	-9.377452731132507324e-01
-2.535347593948245049e-03	-5.854570493102073669e-02	-2.753180265426635742e-01	8.700313419103622437e-02	-2.317261695861816406e-01	-6.759544834494590759e-03	-1.621347665786743164e-01	1.866237074136734009e-02
