3.138365745544433594e-01	6.751551032066345215e-01	-2.588153839111328125e+00	-2.552063465118408203e+00	9.846791028976440430e-01	1.630535423755645752e-01	7.467580437660217285e-01	1.439846307039260864e-01
4.340660870075225830e-01	4.006896913051605225e-01	7.267533540725708008e-01	-1.370606422424316406e+00	-1.162086248397827148e+00	-1.817548274993896484e+00	1.981306821107864380e-01	1.828217059373855591e-01
2.780697643756866455e-01	8.779062330722808838e-02	8.390763998031616211e-01	7.654186487197875977e-01	-1.864495396614074707e+00	8.602774739265441895e-01	-6.738916039466857910e-01	-9.312900304794311523e-01
-6.302936077117919922e-01	1.082041501998901367e+00	3.285695910453796387e-01	-7.619904875755310059e-01	1.401150584220886230e+00	4.381887614727020264e-01	8.583394289016723633e-01	-7.799776792526245117e-01
8.151087909936904907e-02	1.117662191390991211e+00	1.827779971063137054e-02	3.769820034503936768e-01	1.000445246696472168e+00	-2.432563543319702148e+00	-4.307578206062316895e-01	-4.591840207576751709e-01
-3.518687561154365540e-03	-8.841983973979949951e-02	2.296040058135986328e-01	3.433721065521240234e-01	2.406239509582519531e-01	1.543668061494827271e-01	6.129900738596916199e-02	-3.870167210698127747e-02
4.203347265720367432e-01	-3.795596063137054443e-01	-5.114297866821289062e-01	-2.075745612382888794e-01	-4.777287244796752930e-01	-1.200961589813232422e+00	8.053140640258789062e-01	9.478999972343444824e-01
3.838352262973785400e-01	4.209602996706962585e-02	7.811513543128967285e-01	-6.005808830261230469e+00	4.908983409404754639e-02	1.940870285034179688e-02	6.514301896095275879e-01	-2.013743400573730469e+00
-8.123639822006225586e-01	8.721467852592468262e-01	1.057986378669738770e+00	-7.722378969192504883e-01	1.044690012931823730e+00	-3.390099108219146729e-01	-2.888407111167907715e-01	1.331192612648010254e+00
7.873663902282714844e-01	4.353842437267303467e-01	-1.158205866813659668e+00	5.125017762184143066e-01	-1.194278478622436523e+00	-1.439362168312072754e-01	4.954184293746948242e-01	-1.528451681137084961e+00
-7.126311659812927246e-01	-2.611116766929626465e-01	1.325941562652587891e+00	-4.381037056446075439e-01	1.436283946037292480e+00	-2.689588963985443115e-01	1.612579941749572754e+00	-1.148787021636962891e+00
-1.025812625885009766e+00	1.109844923019409180e+00	1.204192876815795898e+00	-4.892829060554504395e-02	1.398668408393859863e+00	-5.476668477058410645e-01	-1.042713284492492676e+00	9.338570833206176758e-01
3.610333800315856934e-01	1.261076688766479492e+00	3.940991461277008057e-01	8.712472915649414062e-01	-1.592381477355957031e+00	-1.153984665870666504e+00	-6.346974968910217285e-01	-1.281830430030822754e+00
-7.648453116416931152e-01	-5.419664978981018066e-01	1.275055170059204102e+00	-2.981095314025878906e-01	1.303757786750793457e+00	3.697737306356430054e-02	-3.858732879161834717e-01	1.447218537330627441e+00
6.283335685729980469e-01	-3.166303783655166626e-02	-4.702216088771820068e-01	-3.311335444450378418e-01	-9.825306534767150879e-01	-1.905965685844421387e+00	7.992711663246154785e-01	7.025803327560424805e-01
1.010641455650329590e-02	8.669056743383407593e-02	-6.735687702894210815e-02	1.432470381259918213e-01	4.358698725700378418e-01	-3.283115386962890625e+00	2.846785187721252441e-01	2.847230434417724609e-01
4.987758398056030273e-01	6.498900055885314941e-01	-2.015545845031738281e+00	1.395290940999984741e-01	2.370229959487915039e-01	2.221879214048385620e-01	-1.518386483192443848e+00	-1.428052783012390137e+00
-1.435172706842422485e-01	-1.451740711927413940e-01	-2.383926063776016235e-01	-1.603668034076690674e-01	-1.282323598861694336e-01	-3.293650746345520020e-01	-2.541257627308368683e-02	-3.093769252300262451e-01
-3.451348543167114258e-01	1.649169683456420898e+00	-5.485081672668457031e-01	2.665099143981933594e+00	-1.733761578798294067e-01	-6.645693182945251465e-01	-3.005760312080383301e-01	-2.445233464241027832e-01
-8.421714305877685547e-01	8.923244476318359375e-01	5.247191190719604492e-01	1.219614967703819275e-01	-1.250783801078796387e+00	1.073949113488197327e-01	5.484888553619384766e-01	-2.132574766874313354e-01
7.591650485992431641e-01	-1.033784270286560059e+00	-3.224503397941589355e-01	4.035245776176452637e-01	-1.054052710533142090e+00	-1.502809882164001465e+00	5.711204409599304199e-01	3.528247177600860596e-01
1.025022387504577637e+00	-9.269567728042602539e-01	1.437351107597351074e+00	-3.240556418895721436e-01	6.126257181167602539e-01	-7.877537012100219727e-01	-7.218435406684875488e-01	-1.135496973991394043e+00
-8.142692446708679199e-01	1.158634662628173828e+00	5.162059664726257324e-01	-7.116562724113464355e-01	-5.248989462852478027e-01	1.180611014366149902e+00	3.099304437637329102e-01	7.290275692939758301e-01
-3.561011552810668945e-01	-2.761159837245941162e-01	-5.607041716575622559e-02	-4.290182888507843018e-01	-2.990611493587493896e-01	1.517909049987792969e+00	1.561040401458740234e+00	-3.237110078334808350e-01
4.065288305282592773e-01	-2.072023898363113403e-01	-1.979874968528747559e+00	3.159040510654449463e-01	2.565804868936538696e-02	-1.975455403327941895e+00	5.650963187217712402e-01	1.826193556189537048e-02
-5.646076202392578125e-01	-4.075621366500854492e-01	-3.321245014667510986e-01	-7.247881293296813965e-01	1.721583366394042969e+00	6.588078737258911133e-01	1.268157005310058594e+00	-3.091284036636352539e-01
3.415682613849639893e-01	-1.473195433616638184e+00	5.843015909194946289e-01	-3.921436965465545654e-01	1.994016766548156738e-01	9.761314839124679565e-02	6.231805682182312012e-01	-2.019504547119140625e+00
8.584293723106384277e-01	9.422307014465332031e-01	-1.473263978958129883e+00	-8.526993393898010254e-01	2.166870385408401489e-01	-9.408901929855346680e-01	-8.733611106872558594e-01	7.027392983436584473e-01
6.255770921707153320e-01	-1.015403747558593750e+00	3.874954879283905029e-01	-1.825721859931945801e+00	1.350330561399459839e-01	8.878138661384582520e-01	-1.887731075286865234e+00	3.658924996852874756e-01
-1.138142466545104980e+00	-4.847889244556427002e-01	6.775825619697570801e-01	5.927752256393432617e-01	7.453232407569885254e-01	-1.361711382865905762e+00	4.933400154113769531e-01	-1.997190564870834351e-01
9.705436825752258301e-01	-8.058517575263977051e-01	5.444534420967102051e-01	-3.013084828853607178e-01	-5.876122117042541504e-01	4.207541048526763916e-01	-8.205107450485229492e-01	-6.492547392845153809e-01
-1.184446334838867188e+00	-5.061479657888412476e-02	9.475142955780029297e-01	9.797520190477371216e-02	-4.022004306316375732e-01	1.100702166557312012e+00	9.806172847747802734e-01	9.755734205245971680e-01
6.327328085899353027e-01	-5.402777343988418579e-02	-3.580048307776451111e-02	3.785165250301361084e-01	-6.786656975746154785e-01	2.051699757575988770e-01	-7.932071089744567871e-01	-5.093579292297363281e-01
1.175747990608215332e+00	3.040723502635955811e-01	-9.145991802215576172e-01	-6.042855978012084961e-02	6.937249302864074707e-01	3.634669482707977295e-01	-3.768519163131713867e-01	-1.464134156703948975e-01
2.609761953353881836e-01	-2.117512673139572144e-01	-3.471501469612121582e-01	-2.773714661598205566e-01	-5.440600514411926270e-01	-1.011953592300415039e+00	6.802251338958740234e-01	5.955865383148193359e-01
1.764221489429473877e-01	-2.463159799575805664e+00	9.390298128128051758e-01	3.844110369682312012e-01	5.279098153114318848e-01	-2.206611633300781250e+00	1.892610192298889160e-01	2.706391513347625732e-01
-7.710211277008056641e-01	-6.708276271820068359e-01	-5.446189641952514648e-01	1.655893683433532715e+00	7.027572989463806152e-01	1.221052527427673340e+00	7.528731599450111389e-03	2.686002850532531738e-01
-9.327191710472106934e-01	-3.744334578514099121e-01	-8.616989850997924805e-01	1.411479949951171875e+00	1.562041640281677246e+00	8.004770874977111816e-01	9.151542782783508301e-01	-5.433960556983947754e-01
-6.263189315795898438e-01	-4.821195602416992188e-01	1.717482089996337891e+00	2.071197271347045898e+00	-2.487615495920181274e-01	-4.561963975429534912e-01	1.641679644584655762e+00	-5.873343348503112793e-01
-5.501635074615478516e-01	1.825468420982360840e+00	-7.291448712348937988e-01	-4.933949410915374756e-01	-2.613032162189483643e-01	-6.234612464904785156e-01	1.472290635108947754e+00	1.493672370910644531e+00
8.669356703758239746e-01	1.550516724586486816e+00	-5.529772043228149414e-01	-6.915343999862670898e-01	-7.581668496131896973e-01	1.339065194129943848e+00	-1.334432512521743774e-01	-1.838316470384597778e-01
1.020600795745849609e+00	2.707179188728332520e-01	-1.287335157394409180e-01	1.573664098978042603e-01	-8.621390461921691895e-01	-1.753338217735290527e+00	-2.057505249977111816e-01	-3.972086012363433838e-01
1.649564623832702637e+00	-7.825468182563781738e-01	-5.324119925498962402e-01	-7.796032428741455078e-01	-4.143137633800506592e-01	-1.040687918663024902e+00	3.100085854530334473e-01	1.652016341686248779e-01
6.348868608474731445e-01	4.414355754852294922e-01	-1.826969027519226074e+00	-4.672610014677047729e-02	2.589273154735565186e-01	-8.113006949424743652e-01	9.319875240325927734e-01	-1.330161333084106445e+00
-1.958958245813846588e-02	-1.962156146764755249e-01	6.756279468536376953e-01	-4.581641554832458496e-01	8.184584975242614746e-02	-3.473452106118202209e-02	4.514754414558410645e-01	-3.656128406524658203e+00
-8.732227087020874023e-01	9.024972915649414062e-01	-4.267880916595458984e-01	1.322933554649353027e+00	7.968472242355346680e-01	-1.126263439655303955e-01	-1.022927641868591309e+00	3.237433135509490967e-01
8.145020008087158203e-01	-1.181775331497192383e+00	-5.690805315971374512e-01	7.935845255851745605e-01	7.051796317100524902e-01	-1.674991607666015625e+00	-1.593876481056213379e-01	-4.015900790691375732e-01
-1.247145012021064758e-01	1.238019466400146484e+00	3.855232596397399902e-01	4.486493766307830811e-01	5.930664539337158203e-01	-2.103210210800170898e+00	7.087191343307495117e-01	-1.825194001197814941e+00
-5.482893586158752441e-01	1.658041834831237793e+00	1.411046147346496582e+00	-1.900554746389389038e-01	-2.153759151697158813e-01	-4.592370092868804932e-01	1.831097960472106934e+00	-7.055935263633728027e-01
-4.961722493171691895e-01	9.423615336418151855e-01	5.049573183059692383e-01	4.359336793422698975e-01	3.232897222042083740e-01	1.019837856292724609e+00	-6.922990083694458008e-01	-4.745642542839050293e-01
