-6.294967532157897949e-01	1.151155233383178711e+00	-9.344578385353088379e-01	1.154375355690717697e-02	-9.751096963882446289e-01	7.388572096824645996e-01	1.339587211608886719e+00	6.445889472961425781e-01
-3.553097546100616455e-01	-6.197493672370910645e-01	6.996479630470275879e-01	-1.362267017364501953e+00	1.632406413555145264e-01	9.957686662673950195e-01	-1.455553174018859863e+00	1.009557008743286133e+00
1.037881135940551758e+00	-6.352162919938564301e-03	-2.803328447043895721e-02	-1.006899356842041016e+00	-8.908614516258239746e-02	-5.254158973693847656e-01	-1.023332595825195312e+00	3.113956749439239502e-01
7.492230832576751709e-02	-4.392915964126586914e-01	-1.069125056266784668e+00	2.317024394869804382e-02	1.205482602119445801e+00	-7.327390313148498535e-01	5.548576712608337402e-01	4.584835171699523926e-01
3.271024823188781738e-01	9.169134497642517090e-01	-1.426054239273071289e+00	-5.502613186836242676e-01	-7.644134014844894409e-02	-5.315746068954467773e-01	1.486520767211914062e-01	6.833657026290893555e-01
-1.113781426101922989e-02	8.658846467733383179e-02	-5.739937722682952881e-02	1.700942069292068481e-01	-1.068722009658813477e+00	-1.066870242357254028e-01	4.260259866714477539e-01	2.711247280240058899e-02
-6.300539374351501465e-01	-1.345843225717544556e-01	-7.061656713485717773e-01	1.251326084136962891e+00	9.459825158119201660e-01	-2.542737126350402832e-01	-3.892098739743232727e-02	1.995259821414947510e-01
-2.534686028957366943e-01	-9.729303121566772461e-01	1.123118400573730469e+00	1.954902559518814087e-01	4.790639579296112061e-01	-1.103367924690246582e+00	4.244712293148040771e-01	2.660343050956726074e-01
8.558208346366882324e-01	-4.557293653488159180e-01	-4.222321212291717529e-01	-6.648023724555969238e-01	5.428467988967895508e-01	1.059871912002563477e+00	-1.013144493103027344e+00	-7.088247537612915039e-01
8.039481639862060547e-01	-5.526278614997863770e-01	1.553179621696472168e-01	-1.376967787742614746e+00	2.657114565372467041e-01	7.890088558197021484e-01	-1.551230072975158691e+00	1.555029004812240601e-01
3.347311541438102722e-02	-7.821641564369201660e-01	3.348174691200256348e-02	1.446935653686523438e+00	-7.941168546676635742e-01	-1.706123828887939453e+00	4.643190801143646240e-01	6.393555998802185059e-01
-6.451325416564941406e-01	-4.233236610889434814e-01	-5.191339254379272461e-01	1.025053024291992188e+00	7.797679305076599121e-01	1.676934123039245605e+00	5.166625380516052246e-01	-2.193064689636230469e-01
-3.524049520492553711e-01	-2.185914367437362671e-01	-1.918552815914154053e-01	-9.964762926101684570e-01	-6.127136945724487305e-01	5.684370517730712891e+00	-9.812081605195999146e-02	8.396599888801574707e-01
6.535999774932861328e-01	6.217960715293884277e-01	-1.287000536918640137e+00	-1.172839879989624023e+00	-2.666705846786499023e-01	-7.624275088310241699e-01	1.715441793203353882e-01	5.439776182174682617e-01
4.383463859558105469e-01	3.117812871932983398e-01	-1.337308734655380249e-01	7.176800966262817383e-01	6.404507160186767578e-01	-2.265068769454956055e+00	-4.722270071506500244e-01	-6.373507976531982422e-01
1.189374029636383057e-01	-6.215580701828002930e-01	-5.337219834327697754e-01	2.414728403091430664e-01	7.854493260383605957e-01	-2.397147715091705322e-01	-2.451507598161697388e-01	3.612431585788726807e-01
-1.451587080955505371e-01	4.689742624759674072e-01	-5.051190406084060669e-02	2.318718135356903076e-01	-1.756564714014530182e-03	-1.020063608884811401e-01	1.466530919075012207e+00	-3.582733631134033203e+00
-1.281189203262329102e+00	2.316140756011009216e-02	3.032868504524230957e-01	-8.041874170303344727e-01	1.066171407699584961e+00	-4.511345922946929932e-01	5.142132043838500977e-01	9.305652379989624023e-01
-6.508322954177856445e-01	-2.129567861557006836e-01	-1.552958190441131592e-01	1.433789849281311035e+00	-9.342253804206848145e-01	2.328548431396484375e+00	-8.402938395738601685e-02	3.759821653366088867e-01
-1.045779511332511902e-01	1.160599812865257263e-01	6.706718206405639648e-01	3.559964001178741455e-01	-6.899626255035400391e-01	-2.304681688547134399e-01	-1.190813481807708740e-01	-4.581932425498962402e-01
-7.942484617233276367e-01	3.301680386066436768e-01	-8.075240999460220337e-02	3.136347532272338867e-01	-1.750398874282836914e-01	5.787842869758605957e-01	-1.731439113616943359e+00	1.564074754714965820e+00
1.193149447441101074e+00	-8.978248238563537598e-01	2.708102166652679443e-01	-1.481417417526245117e+00	-1.744357682764530182e-02	-5.596084594726562500e-01	4.995277225971221924e-01	-3.832195699214935303e-01
-9.100076556205749512e-01	5.954455137252807617e-01	-5.192152857780456543e-01	1.357195973396301270e-01	5.179076790809631348e-01	1.950266361236572266e+00	2.614196240901947021e-01	-7.969141602516174316e-01
-5.722812414169311523e-01	5.491159558296203613e-01	4.451184570789337158e-01	-9.819152355194091797e-01	1.211703062057495117e+00	6.594894528388977051e-01	-1.673215389251708984e+00	1.134057641029357910e-01
6.576228141784667969e-01	1.141811832785606384e-01	-1.867463439702987671e-01	9.275061488151550293e-01	-7.044801115989685059e-01	-1.129154086112976074e+00	2.368682920932769775e-01	4.080214202404022217e-01
-9.332826137542724609e-01	-3.978778421878814697e-01	-9.133296012878417969e-01	1.518243085592985153e-02	1.409565091133117676e+00	-4.518485367298126221e-01	3.308828771114349365e-01	1.223554134368896484e+00
1.165305614471435547e+00	1.114812791347503662e-01	1.308265924453735352e-01	-3.117859065532684326e-01	6.181731820106506348e-01	-2.411917001008987427e-01	-2.327212691307067871e-01	-1.470343828201293945e+00
1.020433425903320312e+00	-5.976979732513427734e-01	1.017885357141494751e-01	-5.289199352264404297e-01	5.628587603569030762e-01	-2.124160766601562500e+00	6.281411647796630859e-01	-2.016204595565795898e-01
1.770404934883117676e+00	-1.687400639057159424e-01	-2.319954931735992432e-01	-6.094591021537780762e-01	-5.596908926963806152e-01	1.344970941543579102e+00	-6.339082121849060059e-01	-5.394864678382873535e-01
3.862240612506866455e-01	2.625277936458587646e-01	1.413739174604415894e-01	-6.229434609413146973e-01	-1.024107694625854492e+00	2.560728311538696289e+00	1.043648958206176758e+00	-1.578613996505737305e+00
-2.074731141328811646e-01	1.848171353340148926e-01	4.010432958602905273e-02	3.469376564025878906e-01	-4.692155718803405762e-01	5.386821031570434570e-01	-2.147171258926391602e+00	1.552181959152221680e+00
9.771786928176879883e-01	-3.365239202976226807e-01	-3.081738948822021484e-01	5.115571022033691406e-01	-1.062784075736999512e+00	6.423056125640869141e-01	-5.919126868247985840e-01	-2.294111102819442749e-01
-6.561709046363830566e-01	4.353438615798950195e-01	6.266995072364807129e-01	-5.703313350677490234e-01	1.380433797836303711e+00	-4.455872774124145508e-01	-5.975238084793090820e-01	-3.952499032020568848e-01
5.925418734550476074e-01	5.716672539710998535e-01	-8.911203145980834961e-01	1.327466130256652832e+00	-6.713748574256896973e-01	-1.914161562919616699e+00	1.007621437311172485e-01	3.422501683235168457e-01
1.061950087547302246e+00	4.421963393688201904e-01	-1.434839665889739990e-01	3.485594391822814941e-01	-1.692585468292236328e+00	9.889138936996459961e-01	1.677146553993225098e-01	-1.622991204261779785e+00
-2.411922365427017212e-01	-1.142155766487121582e+00	1.069531798362731934e+00	-1.686006225645542145e-02	4.850746989250183105e-01	-9.566126465797424316e-01	1.965866982936859131e-01	2.390804290771484375e-01
1.922090053558349609e-01	-6.134057641029357910e-01	-1.024762630462646484e+00	1.585946232080459595e-01	7.676591873168945312e-01	8.455092310905456543e-01	9.211522936820983887e-01	-1.135380983352661133e+00
-1.014261722564697266e+00	1.722516268491744995e-01	-1.438033729791641235e-01	6.978893280029296875e-02	-6.811215877532958984e-01	3.577023148536682129e-01	-2.668084762990474701e-02	1.373633503913879395e+00
3.011749982833862305e-01	-1.219502210617065430e+00	8.863601684570312500e-01	1.082812428474426270e+00	-3.782542049884796143e-01	-8.361746072769165039e-01	-1.704655587673187256e-01	-4.572560489177703857e-01
3.028115034103393555e-01	1.153123378753662109e-01	6.602952480316162109e-01	-2.454460710287094116e-01	-1.303117871284484863e+00	-7.073264122009277344e-01	-2.693122625350952148e-02	1.448365449905395508e-01
-6.178848743438720703e-01	2.050909101963043213e-01	1.026376008987426758e+00	7.542952299118041992e-01	-9.395247697830200195e-01	-2.163743257522583008e+00	1.526008099317550659e-01	7.246114611625671387e-01
1.665053218603134155e-01	3.959941864013671875e-01	7.949868440628051758e-01	-9.228336215019226074e-01	-1.641352295875549316e+00	6.129279732704162598e-01	6.287464499473571777e-01	5.770646929740905762e-01
1.233510732650756836e+00	-4.628213942050933838e-01	-5.567046403884887695e-01	-2.719794511795043945e-01	5.656903609633445740e-03	-7.547512054443359375e-01	-4.394967854022979736e-01	1.088529348373413086e+00
3.468020856380462646e-01	-1.210720837116241455e-01	-8.020672798156738281e-01	1.239690482616424561e-01	1.290250420570373535e+00	8.384628593921661377e-02	-6.730283498764038086e-01	-8.318843245506286621e-01
-3.656460642814636230e-01	-1.320706605911254883e-01	-2.391286790370941162e-01	1.475120186805725098e+00	-1.119578242301940918e+00	2.467835664749145508e+00	-2.754826843738555908e-01	7.732763886451721191e-01
-9.400695562362670898e-01	-6.377584934234619141e-01	6.157862544059753418e-01	1.734697461128234863e+00	2.423937804996967316e-02	6.395300030708312988e-01	-6.115028262138366699e-01	8.382567167282104492e-01
6.443998813629150391e-01	-1.334454417228698730e+00	5.469605326652526855e-01	4.279170334339141846e-01	-7.439818978309631348e-01	6.298921704292297363e-01	7.158247828483581543e-01	-1.211566090583801270e+00
1.227051138877868652e+00	-2.501436769962310791e-01	-1.675838381052017212e-01	1.390647768974304199e+00	-8.951089382171630859e-01	-2.790931761264801025e-01	-8.534486889839172363e-01	3.293939530849456787e-01
-2.562206685543060303e-01	-2.067524194717407227e-01	-1.689444333314895630e-01	-5.775783583521842957e-02	-7.581743597984313965e-01	9.316518902778625488e-01	1.051081657409667969e+00	9.716525673866271973e-01
5.117822065949440002e-02	3.271703720092773438e-01	-3.327970504760742188e-01	2.009910345077514648e-01	-5.572725534439086914e-01	-1.936754733324050903e-01	5.677210688591003418e-01	5.615664273500442505e-02
