0	0	0	0	0	0	0	0	17	
-2	2	0	1	0	0	1	6	27	
-3	1	0	1	2	0	1	0	0	
1	-2	3	1	1	0	0	-3	19	
0	-2	4	0	0	0	0	0	12	
0	0	3	0	0	-1	0	0	-9	
0	0	2	-1	0	-1	0	-4	1	
0	0	0	0	0	2	0	-3	22	
4	-2	6	0	0	4	-1	-1	1	
2	-2	6	0	0	2	0	0	-12	
2	-2	4	0	1	1	0	-3	-3	
3	-3	4	0	1	3	3	-2	-16	
0	-3	4	0	1	2	4	2	-19	
-1	-4	4	-1	1	2	1	2	-3	
2	-4	5	0	2	5	2	1	0	
3	-3	4	0	1	4	2	0	3	
3	-3	3	0	1	5	2	1	11	
3	-3	3	0	1	5	2	-1	15	
3	-2	3	-1	2	5	1	-3	-2	
3	-2	7	0	3	5	0	0	-2	
1	-4	7	0	2	5	0	3	-9	
1	-4	5	-1	1	6	2	0	-23	
1	-4	5	-1	3	5	2	0	-32	
0	-4	9	-1	3	4	3	2	-9	
3	-3	6	0	0	5	1	-1	-7	
2	-5	3	1	0	5	1	0	-4	
0	0	48	18	3	-1	0	2	0	
47	169	48	18	5	-1	0	1	-2	
47	171	49	17	5	-3	0	1	7	
47	172	51	16	5	-2	0	1	5	
47	174	51	19	6	-1	1	1	0	
46	175	51	19	5	-5	2	0	1	
49	179	51	16	5	-4	1	-1	-2	
50	178	52	16	5	-3	0	0	5	
52	176	53	18	5	-2	2	2	2	
52	174	51	19	6	-2	2	4	2	
50	173	49	17	4	-3	1	2	4	
49	171	48	15	3	-3	2	2	12	
47	169	47	14	3	-3	2	2	10	
47	166	47	13	2	-3	1	2	3	
47	165	47	12	1	-4	1	3	10	
46	161	47	13	3	-4	1	2	17	
46	160	46	17	3	-3	1	0	11	
46	156	44	15	0	-7	0	-1	3	
46	155	44	14	0	-3	0	0	3	
44	154	44	14	0	-1	1	3	1	
44	149	43	13	0	-6	2	1	11	
44	145	39	12	0	-6	1	0	9	
38	132	36	12	-1	-6	1	0	4	
28	106	29	8	-1	-5	1	1	11	
-3	14	-1	-1	-2	-2	3	3	21	
-1	18	1	0	-4	-3	2	3	4	
3	26	1	0	-2	-2	2	3	6	
5	36	4	1	0	0	3	3	18	
5	42	5	0	1	-2	3	6	22	
11	56	10	1	1	-2	6	5	10	
16	62	13	2	1	0	5	4	3	
21	73	16	3	1	0	1	4	8	
25	79	18	4	1	0	1	2	16	
28	93	25	6	1	0	1	2	10	
29	108	29	10	0	-1	1	5	1	
34	114	32	10	0	-3	0	6	3	
42	126	34	9	0	-2	0	6	7	
44	130	36	9	2	0	2	7	3	
43	136	38	12	3	0	2	8	2	
44	141	39	11	3	0	1	6	6	
44	142	39	12	4	0	1	6	10	
44	142	38	11	3	0	0	8	4	
46	143	38	10	2	2	0	8	8	
45	142	40	11	2	2	1	8	13	
45	140	40	11	2	0	0	7	7	
44	137	34	9	2	-1	0	5	14	
42	135	34	9	0	-2	-1	4	7	
41	133	34	7	-2	-2	-2	5	-3	
41	131	33	8	-1	-3	-1	5	2	
39	119	30	6	0	-3	0	6	2	
35	113	28	5	0	-1	-1	8	13	
32	110	28	5	0	-1	-1	10	15	
25	96	22	5	0	-3	-1	7	8	
0	0	0	0	0	0	0	0	7	
7	31	8	0	-1	-3	0	1	11	
8	39	11	0	-1	-2	0	0	6	
12	56	16	1	-1	-1	0	1	3	
15	63	24	1	3	-1	0	1	7	
19	78	28	2	3	-2	-1	0	16	
24	94	33	7	1	-2	-1	-2	6	
27	114	40	9	2	-1	0	-3	3	
33	122	44	9	3	0	0	-2	5	
36	134	49	9	4	0	2	-3	11	
40	147	55	9	5	1	1	-3	7	
42	153	60	15	5	3	2	0	1	
47	164	64	18	5	3	2	-1	4	
49	168	67	16	6	2	2	0	3	
48	174	68	16	6	1	2	1	0	
48	178	69	21	3	0	1	-3	4	
50	181	70	23	6	2	2	-2	0	
49	185	71	21	7	3	3	-3	4	
50	185	71	23	7	4	2	-3	18	
51	184	74	23	7	3	0	-1	12	
51	183	71	22	6	3	0	0	6	
49	185	71	22	6	2	1	0	7	
50	185	70	22	6	2	2	-2	2	
52	183	66	21	6	4	1	-5	1	
52	185	69	21	6	4	2	-2	2	
51	185	68	23	5	4	2	-2	1	
51	183	70	24	4	4	2	0	1	
51	175	69	24	5	4	2	0	8	
50	172	65	22	5	4	2	-3	10	
45	169	64	19	5	4	1	-1	5	
44	158	59	17	5	5	3	0	3	
41	150	55	16	5	5	2	-1	1	
37	127	44	13	4	2	0	-2	4	
25	110	36	9	4	2	0	-3	7	
5	31	6	2	-1	1	-1	0	9	
7	40	17	4	0	0	1	0	1	
12	58	23	4	1	0	0	1	0	
16	80	35	7	4	1	0	0	-1	
25	90	43	13	4	3	0	1	2	
32	109	56	19	5	6	0	3	7	
33	117	58	19	6	5	0	3	17	
34	131	63	21	6	3	0	4	11	
35	138	68	23	7	2	3	7	5	
40	145	72	23	9	3	2	7	7	
42	148	73	23	8	5	0	6	9	
44	154	76	27	9	7	0	2	9	
44	157	77	27	11	6	1	2	1	
43	161	79	25	9	5	3	4	1	
45	161	81	24	8	5	1	5	5	
48	161	81	26	9	5	1	5	4	
46	161	78	26	9	4	2	3	9	
45	163	78	23	9	4	2	1	9	
46	163	81	26	9	5	4	3	6	
46	163	82	27	8	2	2	3	6	
46	161	82	27	8	1	1	2	6	
46	161	81	27	9	2	1	2	6	
46	160	80	27	9	2	1	2	7	
44	156	79	26	8	2	1	4	5	
43	155	79	25	8	3	1	7	7	
43	153	81	25	8	3	2	7	18	
41	150	75	23	8	0	1	3	14	
41	144	72	23	6	0	0	2	4	
41	135	68	24	3	0	0	4	3	
34	127	62	19	3	0	0	4	10	
22	99	48	14	1	-1	0	3	12	
-4	3	-5	1	-2	-4	-1	1	49	
-4	4	-2	1	-1	-3	0	5	49	
-2	12	1	1	-3	-2	3	5	12	
2	34	9	4	-3	-2	3	2	6	
4	47	19	4	1	-1	1	3	5	
12	75	25	7	2	0	0	4	9	
23	110	40	16	3	0	2	5	12	
27	129	50	19	4	-1	4	6	9	
38	169	63	21	4	0	3	4	6	
44	187	67	25	6	0	3	1	6	
53	223	82	29	7	0	3	1	13	
60	253	95	31	8	1	5	4	5	
65	268	99	30	9	3	5	4	-2	
76	290	108	36	11	4	5	4	0	
77	300	113	40	12	5	7	5	16	
78	312	119	43	12	5	7	6	14	
79	318	120	40	10	4	5	6	5	
78	318	120	40	11	4	5	4	8	
78	312	120	42	12	5	3	3	7	
79	310	120	42	11	6	3	5	3	
78	303	119	42	12	6	3	8	9	
76	300	118	41	12	4	2	8	18	
76	294	117	40	11	5	4	9	15	
76	290	116	38	11	5	5	7	5	
74	289	114	38	11	5	6	6	8	
74	285	110	36	11	6	6	8	8	
73	283	110	33	12	6	4	10	10	
72	282	113	31	10	5	3	12	10	
73	279	113	36	9	5	2	9	4	
72	274	109	41	10	5	3	7	13	
71	273	108	38	10	5	4	7	10	
72	269	107	37	8	5	1	7	21	
71	265	104	36	8	5	2	8	30	
71	264	103	37	9	5	5	8	17	
68	258	101	36	8	3	3	6	11	
67	256	100	36	8	2	1	2	6	
68	255	98	37	8	3	1	2	6	
68	255	99	37	9	4	1	4	7	
67	255	99	35	9	3	1	4	6	
66	252	97	33	8	1	1	4	8	
64	244	96	33	8	1	0	6	12	
60	229	88	31	7	2	1	7	12	
56	215	83	29	6	0	0	6	6	
38	159	63	24	4	0	-1	5	9	
-8	4	-3	2	-4	-4	-3	0	23	
-10	3	-3	-1	-3	-5	-4	0	51	
-9	3	0	0	-4	-5	-2	2	52	
0	0	0	22	6	2	-1	1	9	
79	189	72	24	8	3	-1	1	8	
91	217	82	28	7	2	0	1	16	
98	230	86	31	7	2	1	0	13	
108	249	93	36	9	2	0	2	6	
110	255	97	39	9	2	-1	2	9	
115	269	105	39	10	2	0	3	6	
123	281	107	40	12	3	0	3	19	
125	284	106	37	12	3	1	2	20	
127	293	109	39	11	2	1	5	10	
127	296	111	37	11	2	2	5	7	
130	298	112	38	11	2	1	5	18	
133	305	113	41	13	4	2	6	23	
133	307	112	40	13	5	0	5	10	
134	310	114	37	12	2	0	5	8	
134	311	116	37	13	2	2	4	10	
134	308	115	38	13	5	0	4	7	
134	309	115	38	13	5	1	3	10	
133	310	115	40	13	3	1	3	10	
133	308	113	40	13	1	0	5	1	
131	308	112	38	13	2	2	5	7	
131	307	112	38	13	2	4	6	13	
132	306	111	38	13	1	4	5	10	
132	306	111	38	12	1	4	1	10	
128	303	110	37	13	1	2	2	11	
127	302	109	37	13	1	0	3	16	
124	294	105	37	12	1	1	0	16	
123	289	104	37	12	0	1	1	11	
120	283	102	37	12	0	0	3	11	
119	280	102	37	12	0	0	4	20	
117	272	99	35	12	0	0	3	22	
115	268	97	35	12	1	1	2	20	
113	263	95	34	13	3	1	4	15	
110	257	92	34	13	3	2	2	5	
105	251	90	29	12	1	4	1	2	
101	236	86	29	12	2	5	3	10	
95	225	83	26	11	2	0	2	11	
73	187	67	22	9	0	0	1	11	
-11	7	0	1	1	-2	-4	2	33	
-11	7	0	0	0	-2	-3	2	24	
-12	7	0	-1	0	-2	-2	2	7	
-6	19	5	0	1	-1	-1	1	6	
-1	49	15	3	4	0	-3	3	2	
8	71	21	6	6	-2	-2	3	5	
29	120	38	9	9	-2	-2	1	0	
40	145	46	14	9	0	-2	2	2	
61	205	67	18	11	1	-2	3	-5	
91	283	92	30	17	3	-2	3	-9	
106	320	105	35	18	3	0	1	0	
132	389	126	45	22	5	0	0	2	
140	424	148	51	23	6	0	2	-5	
156	482	158	54	23	6	-1	2	-5	
173	523	172	58	27	9	1	2	1	
179	536	176	58	28	9	0	3	4	
187	557	181	60	27	9	0	3	4	
191	573	186	61	28	10	1	2	5	
191	579	186	62	28	9	1	4	5	
193	581	186	64	29	9	1	4	8	
193	580	188	62	28	10	1	3	4	
195	582	190	60	29	12	1	6	10	
193	582	189	61	29	12	2	6	10	
190	584	188	61	29	8	0	6	7	
193	584	189	61	29	10	1	7	6	
191	578	190	59	30	11	4	8	1	
190	575	189	57	29	11	3	7	1	
190	571	187	57	27	11	2	8	9	
187	565	183	56	26	10	1	7	6	
187	560	180	57	27	10	2	6	6	
186	548	180	57	27	10	2	7	12	
185	544	179	54	26	8	1	8	13	
183	541	177	54	25	7	1	7	5	
180	530	174	54	26	9	1	5	1	
178	524	172	53	25	7	0	4	7	
172	509	165	52	24	7	0	4	12	
168	498	162	49	22	8	0	7	1	
164	471	157	48	22	7	0	7	0	
159	455	151	45	21	7	-1	6	8	
146	412	135	40	20	5	-2	6	1	
138	384	127	37	18	4	-1	3	-7	
108	316	103	30	17	1	-1	1	-2	
0	0	0	0	0	0	0	0	20	
-6	5	2	-5	2	-2	-7	2	10	
-6	6	2	-7	2	-4	-7	0	2	
-8	5	4	-5	2	-5	-7	0	27	
31	141	78	18	14	1	-7	3	0	
46	191	99	28	15	1	-7	-1	-4	
54	217	123	38	19	6	-6	0	-13	
72	266	137	42	20	6	-6	-1	-5	
86	317	165	51	24	7	-3	0	0	
93	339	176	59	27	9	-2	3	-7	
104	374	198	62	27	9	-4	3	-11	
111	396	211	67	27	9	-5	3	3	
117	405	217	67	27	11	-5	3	-2	
121	425	226	69	30	11	-3	3	-3	
120	431	227	73	30	11	-1	6	-7	
122	437	231	73	31	13	-3	7	0	
125	441	235	74	32	14	-5	2	2	
125	441	235	75	32	12	-2	1	-2	
125	439	235	76	33	13	-1	4	4	
125	438	235	72	32	16	0	5	2	
123	435	229	70	32	11	0	4	-5	
123	431	225	69	33	10	0	6	-1	
122	428	225	69	33	11	-1	6	-2	
117	423	220	68	30	10	-1	3	-2	
117	421	217	67	30	10	-2	0	-3	
118	420	217	66	29	10	-2	0	-5	
117	420	218	66	29	10	-2	1	-3	
120	422	219	69	29	11	-2	4	-1	
120	425	221	70	30	11	-3	1	-3	
118	431	221	68	31	11	-3	-1	-11	
121	432	222	70	31	11	-3	0	-4	
122	433	225	70	33	11	-2	1	-1	
122	437	230	70	34	11	-1	1	-3	
124	445	234	74	34	11	-1	3	6	
126	450	238	76	35	12	-2	2	7	
132	463	245	75	35	14	-2	2	0	
133	468	246	76	37	14	-1	4	-1	
131	473	247	76	38	11	-1	2	1	
131	474	248	77	38	11	-1	0	-1	
132	470	246	76	36	13	-1	3	-6	
130	465	243	75	34	11	-1	3	-7	
126	446	235	77	35	11	-1	2	-2	
123	432	230	75	35	13	0	3	0	
112	394	210	65	32	10	0	3	-1	
104	366	196	59	30	8	-6	4	-3	
84	307	171	52	24	7	-9	6	-6	
76	278	134	41	19	5	-10	4	-8	
0	0	0	0	0	0	0	2	38	
18	0	2	8	0	8	14	1	29	
17	0	1	11	-1	8	15	1	6	
18	2	4	14	-1	6	18	-1	6	
19	2	2	10	-1	5	17	-5	-2	
18	2	1	5	-1	5	15	-3	2	
15	0	0	6	0	5	14	-2	0	
15	0	0	10	0	5	14	0	9	
17	2	4	10	1	5	17	2	31	
17	3	4	8	2	5	17	5	-6	
17	3	1	8	1	4	15	3	-13	
15	2	-1	9	0	2	15	0	2	
15	1	0	9	0	3	12	-1	2	
16	2	3	10	1	3	9	-4	0	
15	0	-1	9	1	2	10	-4	7	
13	-14	-5	9	-1	1	10	-2	8	
7	-35	-13	7	-2	1	10	0	7	
3	-46	-19	2	-2	1	12	-2	-4	
-5	-80	-33	-1	-2	2	13	-2	-4	
-9	-103	-50	-5	-2	1	13	0	3	
-27	-160	-60	-9	-3	1	12	-2	5	
-51	-238	-87	-18	-8	0	13	-2	12	
38	20	27	26	10	4	8	-2	-4	
35	20	26	26	11	3	8	-2	11	
34	19	25	26	12	3	10	-2	2	
37	19	26	26	10	3	8	0	-15	
37	19	23	25	9	0	7	-4	-32	
36	20	24	28	9	0	7	-1	-17	
37	20	27	28	10	1	10	2	0	
40	21	26	28	12	4	10	0	-7	
39	20	25	28	13	4	10	0	10	
39	20	24	27	10	4	12	0	3	
39	18	24	27	8	4	11	0	6	
39	21	25	29	8	3	13	0	13	
39	23	25	29	8	2	11	4	-16	
39	22	26	30	6	4	10	1	-29	
40	19	26	29	6	5	10	1	-5	
40	19	22	29	6	3	13	3	8	
41	19	24	29	6	2	12	1	29	
41	20	24	30	9	3	12	0	6	
41	20	21	31	9	4	12	0	-5	
39	20	22	33	6	6	11	1	14	
38	20	24	32	6	5	11	3	14	
38	19	25	29	8	5	13	3	-6	
38	20	25	29	7	5	12	1	1	
38	20	22	32	4	4	11	-1	10	
38	19	21	33	7	3	11	-1	-10	
38	19	23	31	9	3	9	0	-3	
40	19	25	30	8	5	10	-1	18	
42	19	26	28	7	5	10	0	11	
42	20	25	28	7	5	11	2	11	
38	21	25	28	7	4	11	0	13	
38	20	25	28	7	4	13	-2	15	
39	19	26	28	7	5	13	0	11	
39	19	24	28	7	5	9	1	9	
37	18	23	27	7	4	8	-1	-6	
32	13	22	23	7	4	10	-1	-10	
31	9	20	22	7	3	9	-3	0	
28	-11	11	24	7	3	9	-4	5	
16	-46	-1	21	6	3	9	-3	1	
104	445	146	28	8	10	-1	6	-1	
107	451	148	29	8	9	-5	5	0	
109	458	150	31	10	11	-5	6	2	
109	459	149	31	11	11	-4	5	2	
109	465	149	32	9	8	-2	5	-1	
109	467	150	34	9	7	0	5	2	
112	466	150	31	9	10	-1	6	10	
113	466	149	30	8	9	-2	6	7	
116	467	150	34	11	9	-2	6	1	
116	467	149	34	12	9	-2	7	2	
114	467	148	31	9	8	-2	5	-3	
114	468	148	30	9	8	-1	7	0	
113	469	147	29	11	8	-1	8	7	
113	466	147	31	11	8	-2	7	3	
114	462	149	33	10	10	-2	9	6	
112	455	148	33	10	8	-2	9	2	
107	451	146	31	10	6	-2	9	2	
107	443	142	29	10	8	-1	8	2	
106	438	142	29	9	8	0	8	5	
105	428	141	30	9	8	0	10	6	
103	424	134	28	8	7	0	8	9	
98	409	130	22	6	8	-1	7	0	
97	402	128	24	7	8	-2	6	3	
96	401	128	24	8	9	-1	9	6	
92	401	127	23	8	7	-1	9	-1	
91	400	125	21	8	7	-2	9	0	
92	397	124	20	7	8	-1	7	2	
92	396	124	21	8	7	0	7	4	
93	398	128	23	9	7	-1	9	17	
93	400	128	25	9	7	-2	10	9	
93	400	130	23	9	7	-1	11	2	
93	400	130	21	8	7	0	11	4	
93	399	126	24	8	8	0	9	6	
95	398	125	24	6	8	-1	9	6	
91	392	124	20	5	7	-1	9	7	
88	379	120	20	4	5	0	6	4	
88	370	117	20	5	5	-2	8	-1	
75	325	105	12	4	4	-2	10	5	
62	282	0	0	0	0	0	0	0	
0	0	0	0	0	0	6	-4	17	
29	13	16	27	10	2	6	-5	-9	
29	15	16	28	11	2	5	-2	-21	
30	17	15	28	11	1	5	-2	1	
31	18	17	29	14	2	6	-3	1	
31	17	17	27	15	5	7	0	-9	
28	16	17	26	12	5	7	0	11	
27	17	17	27	12	5	8	-2	27	
27	16	17	25	13	3	8	-1	11	
28	11	17	24	12	3	8	0	0	
23	0	12	22	12	4	7	-2	-6	
17	-7	8	23	12	3	6	-4	-12	
6	-27	-3	21	11	3	6	-4	-5	
2	-41	-9	18	8	2	5	-3	-3	
163	352	128	22	6	9	2	10	17	
162	353	129	23	5	9	2	13	12	
162	351	126	24	6	10	1	11	5	
162	351	126	23	7	11	1	10	10	
165	351	127	22	7	13	2	13	9	
168	351	126	25	6	13	4	11	7	
167	354	126	26	5	12	3	8	11	
164	351	127	23	5	10	1	10	5	
164	348	126	21	5	8	1	11	8	
167	348	126	21	5	8	2	12	10	
163	345	122	20	4	10	4	13	9	
158	341	120	20	4	10	3	11	12	
151	330	115	20	6	10	3	8	11	
149	325	111	19	3	10	2	4	5	
144	314	108	17	1	10	1	3	4	
141	306	105	14	2	12	3	7	12	
130	285	96	12	1	10	2	7	11	
122	273	93	11	1	6	0	4	8	
109	245	86	6	0	6	0	5	5	
101	228	78	0	-4	5	0	5	3	
84	190	64	0	-6	5	0	3	9	
-24	-5	-12	-24	-13	1	-4	1	27	
-23	-5	-12	-17	-11	1	0	0	0	
16	76	13	-10	-4	3	0	1	6	
25	115	28	-6	-4	3	-1	0	8	
41	135	35	-2	-3	3	0	-1	16	
54	176	49	0	-3	3	-1	-3	10	
80	195	56	2	-3	3	-4	-1	3	
91	216	70	7	0	6	-2	2	5	
109	260	75	7	0	6	0	0	-4	
116	295	87	12	0	5	1	-1	1	
129	311	92	14	2	7	2	-1	5	
144	334	101	18	4	10	2	0	2	
148	342	104	19	4	10	0	0	0	
154	360	105	19	4	11	0	1	-3	
160	372	111	22	5	12	2	4	-1	
160	376	113	22	6	12	2	5	-1	
160	380	114	22	6	11	3	5	0	
158	377	114	22	4	9	3	6	5	
158	378	113	22	4	9	2	9	1	
157	378	113	23	6	10	3	8	0	
157	378	113	24	4	9	2	5	4	
157	377	110	21	4	9	1	3	4	
156	373	110	19	3	9	0	1	14	
153	372	107	21	2	7	2	3	9	
152	370	107	22	1	7	4	3	1	
152	370	111	20	2	8	4	2	-1	
148	369	112	20	2	6	4	4	3	
148	365	111	21	1	6	3	5	6	
149	362	111	19	1	7	3	5	4	
146	351	108	17	2	7	4	5	6	
143	344	102	17	0	8	3	3	6	
137	337	99	15	0	8	3	5	10	
133	324	95	14	0	8	2	3	7	
127	318	91	13	-1	6	1	1	-2	
122	304	87	12	-3	5	1	0	-2	
119	283	83	10	-3	6	0	2	9	
116	272	81	8	-3	7	1	3	7	
106	253	75	4	-4	5	2	3	-1	
98	236	68	1	-5	2	1	2	-2	
-15	-6	-7	-19	-13	-2	-3	6	20	
-15	-7	-7	-19	-14	-1	0	7	6	
-15	-7	-7	-21	-12	-1	0	6	5	
-15	-7	-8	-23	-11	-1	-1	2	25	
-14	-7	-7	-22	-11	-1	-1	3	23	
-15	-7	-7	-21	-13	-1	-2	5	-3	
-15	-8	-7	-21	-14	0	-1	6	-6	
-15	-4	-6	-21	-14	0	0	6	-3	
-13	2	-5	-21	-13	-1	-1	4	-9	
-5	19	0	-20	-10	-1	-3	5	-4	
-2	32	2	-13	-10	-1	-2	5	1	
3	65	14	-9	-9	0	0	5	5	
16	83	23	-10	-8	1	0	6	12	
25	122	38	-5	-8	1	-1	6	7	
44	141	44	-4	-8	2	0	5	-1	
68	187	63	0	-4	2	0	6	3	
82	213	72	6	0	2	0	6	2	
102	264	88	15	1	3	1	7	2	
111	287	97	15	1	3	2	7	4	
119	326	112	19	4	4	3	7	0	
133	343	118	23	7	5	2	6	1	
148	370	129	28	5	8	2	6	6	
151	379	132	30	6	8	2	5	0	
153	395	132	31	6	6	3	5	-1	
155	404	137	33	6	4	1	5	-1	
157	406	138	30	7	5	1	6	5	
156	406	138	30	7	6	2	6	8	
154	401	137	33	5	5	0	4	7	
154	403	137	34	5	5	1	6	1	
153	403	136	35	6	5	1	6	0	
152	400	134	33	4	5	0	5	5	
151	395	130	30	5	7	2	5	4	
146	382	128	29	5	7	2	6	5	
144	376	127	29	4	4	3	8	12	
143	369	123	28	4	5	6	9	17	
142	357	121	26	4	4	4	8	6	
138	353	121	26	3	2	2	8	0	
135	345	116	27	3	0	1	7	5	
133	341	114	26	3	0	3	7	3	
133	335	114	24	2	1	3	10	0	
129	329	114	24	2	-1	1	9	0	
124	319	109	24	1	-1	1	5	0	
124	315	107	24	1	2	3	6	-2	
121	307	104	24	1	2	3	7	-2	
119	298	103	23	0	0	1	7	0	
118	293	101	23	0	0	1	7	2	
112	282	95	22	-1	-2	0	7	4	
110	268	90	18	-3	-1	0	6	8	
109	262	89	16	-3	3	0	6	5	
101	243	81	14	-4	1	0	8	1	
89	228	75	14	-4	-2	0	7	3	
0	0	0	0	0	0	0	0	16	
-13	-4	-4	-13	-13	-5	-1	8	26	
87	334	158	41	8	5	0	7	-4	
89	345	163	41	8	6	0	8	0	
92	365	173	43	10	7	1	10	4	
96	373	180	43	9	7	1	12	3	
101	384	182	44	8	7	1	11	2	
103	390	185	46	10	9	3	13	10	
104	390	185	46	13	11	2	13	5	
103	392	186	48	13	11	2	13	3	
103	392	186	48	12	11	3	12	6	
103	390	187	48	14	11	2	13	4	
104	391	187	49	14	11	1	12	6	
106	397	185	50	13	11	1	6	3	
105	400	187	52	14	9	0	5	5	
107	399	190	48	14	11	-1	11	16	
108	394	190	47	13	11	-1	12	12	
105	382	184	48	13	11	0	10	1	
101	376	181	45	13	11	0	10	2	
100	363	177	40	12	9	0	12	10	
98	357	174	40	10	7	-3	13	6	
93	346	167	37	10	7	-1	11	0	
91	339	164	35	8	8	-1	10	6	
89	325	157	34	7	8	-2	11	7	
85	311	149	33	8	7	-1	10	15	
83	306	145	35	8	7	0	9	17	
77	288	136	31	7	9	0	9	11	
72	269	127	28	6	9	-2	7	13	
56	219	103	21	2	8	-1	9	13	
0	0	0	0	0	0	-8	6	25	
-8	-2	-4	-16	-8	1	-9	4	15	
-8	-2	-4	-15	-8	1	-9	6	-1	
-7	-3	-6	-15	-8	0	-9	4	0	
8	2	2	10	11	0	9	-3	30	
6	2	4	10	11	-1	7	-2	17	
6	3	6	12	11	0	7	-2	-1	
10	1	6	10	10	0	5	-2	-1	
7	-9	1	8	9	0	4	-2	2	
0	-16	-2	8	9	-3	6	0	-1	
-5	-38	-17	2	9	-4	6	1	-5	
-8	-54	-29	1	9	-2	5	0	-2	
-13	-91	-49	-4	7	-2	4	0	-1	
-23	-107	-59	-12	6	-3	5	0	-7	
0	0	0	0	0	0	0	4	2	
102	374	204	58	7	8	0	4	-4	
102	378	206	59	7	10	2	4	2	
105	385	207	61	7	10	3	2	2	
107	388	211	62	7	9	1	2	9	
107	391	212	62	7	12	1	7	8	
106	388	211	62	10	13	1	8	4	
106	387	211	63	11	13	2	7	4	
104	384	210	61	11	12	1	7	6	
104	381	210	61	11	11	0	5	11	
103	374	206	62	11	11	0	5	8	
101	361	201	58	7	9	-2	6	4	
98	356	197	57	6	9	-2	4	1	
97	347	192	57	8	9	-1	4	10	
94	341	189	56	7	7	0	4	12	
92	329	183	54	7	7	-2	4	5	
90	322	176	53	5	9	-2	5	8	
87	310	168	47	5	9	-1	6	7	
80	296	160	43	7	8	-1	6	0	
77	288	159	44	6	6	0	3	4	
76	276	149	44	3	6	0	3	5	
74	271	144	42	2	7	-1	6	10	
69	260	135	39	3	7	-2	5	10	
69	252	128	38	2	8	-2	5	6	
65	246	128	36	1	9	-3	7	6	
61	237	122	36	0	8	-4	4	8	
61	234	119	38	0	5	-3	3	15	
59	216	113	33	-1	4	-5	3	14	
54	199	104	0	0	0	0	0	0	
9	-1	8	11	11	0	3	-7	-3	
6	0	10	9	11	-1	5	-5	-16	
5	-2	8	9	12	-1	4	-5	-9	
4	-2	8	10	14	-1	4	-3	-12	
6	-2	8	10	14	0	5	-5	-13	
7	-2	8	10	12	0	4	-9	-10	
6	-1	9	10	12	-1	4	-7	-3	
8	0	9	9	12	0	5	-6	-10	
7	0	7	9	12	-2	5	-6	-8	
7	0	7	9	13	-4	4	-6	-8	
8	1	6	10	13	-4	3	-8	-11	
6	0	4	11	14	-2	5	-6	-1	
5	-1	4	10	15	-2	5	-6	1	
2	-8	-3	8	14	-2	3	-6	-1	
-1	-16	-9	5	14	-3	4	-8	-13	
-9	-44	-27	-1	11	-4	4	-9	-6	
105	338	210	63	14	16	3	13	6	
105	341	212	66	13	16	3	12	16	
104	343	214	66	13	17	3	11	16	
105	341	210	64	14	16	3	12	6	
106	341	210	64	16	16	3	14	9	
105	341	211	65	17	16	3	16	9	
104	342	210	63	15	14	1	13	7	
106	346	211	63	14	14	1	11	0	
107	346	215	64	11	14	1	11	-2	
106	346	217	64	11	13	1	14	5	
106	348	215	64	13	12	3	14	14	
107	348	211	64	14	13	2	11	10	
107	345	212	64	14	13	0	12	10	
104	343	214	63	13	12	0	13	9	
105	345	213	63	13	12	3	12	7	
104	345	212	64	13	13	3	13	6	
104	343	212	63	11	16	2	13	6	
106	343	212	62	11	17	4	14	0	
106	342	209	57	11	16	4	13	4	
105	342	209	56	11	15	3	14	10	
105	342	209	62	11	16	4	15	3	
105	335	207	63	11	16	4	18	8	
103	333	205	62	10	14	4	20	3	
101	328	200	60	10	14	5	18	3	
97	319	195	59	11	13	5	16	4	
97	315	194	58	10	15	6	18	4	
93	308	189	55	9	13	5	16	0	
89	291	178	50	8	10	4	15	0	
85	281	171	49	8	12	4	16	8	
79	256	154	45	3	10	2	13	5	
75	238	144	42	0	9	4	12	6	
57	187	114	33	-1	9	1	16	14	
-4	-1	-7	-11	-13	4	-3	17	16	
-2	-1	-7	-11	-13	4	-1	17	0	
-3	0	-7	-9	-13	1	-1	15	-10	
-4	0	-7	-9	-13	1	0	17	15	
-3	1	-5	-8	-14	1	0	17	15	
-3	0	-3	-8	-15	0	-3	12	3	
-3	0	-5	-8	-15	0	-2	16	17	
-3	0	-4	-10	-17	0	-3	17	33	
-2	0	-5	-10	-17	0	-3	17	11	
-2	0	-4	-9	-16	-1	-4	17	2	
-2	-2	-4	-10	-17	-1	-7	13	26	
-1	-4	-6	-10	-17	0	-7	10	7	
84	280	96	24	-2	7	3	20	3	
92	297	99	25	0	10	2	16	0	
100	323	108	29	0	11	1	15	4	
103	344	116	32	0	8	0	15	1	
106	351	120	33	0	6	0	15	-2	
109	364	127	36	0	7	0	16	-6	
110	372	127	36	0	7	0	16	-2	
114	387	130	38	1	8	3	15	-2	
118	391	130	38	1	12	3	13	-1	
122	395	136	38	2	14	1	16	6	
121	396	140	39	1	12	0	17	7	
120	398	135	39	2	13	-1	13	2	
118	398	135	39	2	10	-3	14	0	
118	401	142	41	2	10	0	19	-7	
119	399	142	41	3	12	0	18	-6	
117	395	138	40	2	12	0	18	0	
116	395	138	39	2	11	1	20	0	
116	393	135	39	2	10	2	17	7	
116	392	135	38	2	10	2	16	2	
118	389	134	38	1	11	1	15	-3	
116	382	132	37	0	11	2	16	-2	
112	379	131	37	3	12	0	19	-4	
111	378	132	36	2	12	0	19	-10	
111	378	132	35	2	11	0	19	-8	
110	377	129	36	3	11	0	16	0	
111	372	128	35	4	14	1	14	-1	
110	371	130	34	3	14	1	18	-1	
109	373	130	35	2	13	2	19	7	
108	371	127	36	2	11	2	18	9	
109	370	127	38	3	15	1	17	3	
109	370	129	37	2	15	0	17	9	
107	368	129	35	1	12	1	19	1	
106	368	128	34	1	12	3	19	-5	
106	366	126	33	2	12	3	19	0	
107	359	125	35	3	15	0	18	1	
105	356	124	35	1	15	0	17	-3	
102	352	122	31	1	11	1	20	1	
102	351	122	31	1	9	1	22	6	
102	346	118	31	0	10	5	16	1	
101	341	117	30	0	11	3	13	-2	
96	327	115	28	0	10	0	15	-7	
96	312	110	28	0	10	0	15	-8	
90	302	107	27	0	10	0	16	0	
82	273	98	22	-1	11	0	18	0	
80	256	90	19	-4	11	0	18	-2	
60	203	73	14	-8	7	-1	18	0	
0	0	0	0	0	2	-2	12	35	
73	190	68	11	-5	8	-1	8	11	
80	206	75	15	-3	8	0	11	7	
95	239	89	20	-2	6	0	11	2	
102	256	93	21	-1	7	0	9	-7	
113	280	106	23	0	10	0	14	-8	
116	300	115	26	0	11	0	14	-10	
123	310	115	26	0	8	0	13	-3	
128	321	117	27	1	7	1	13	-4	
129	324	118	28	1	12	0	11	-7	
131	331	121	30	2	12	0	11	-6	
131	333	122	29	0	9	0	13	-4	
131	333	123	30	0	9	-1	12	-6	
130	333	122	29	0	11	-1	10	-6	
128	332	124	24	0	8	1	13	0	
130	334	125	25	1	6	2	13	9	
130	336	122	29	1	8	1	11	0	
128	333	122	29	2	8	0	13	-5	
127	331	121	29	5	8	2	14	3	
126	328	119	29	3	8	3	14	12	
123	324	116	27	1	7	1	15	4	
124	320	115	25	1	7	0	14	-7	
119	313	114	24	0	7	2	13	-5	
113	307	112	23	0	6	3	13	-9	
109	292	106	23	1	6	3	14	-4	
106	285	104	23	0	6	3	11	-2	
100	268	97	21	0	6	3	10	-9	
96	260	93	21	-1	6	3	10	-2	
88	241	86	18	-1	6	3	10	-4	
86	230	83	15	-2	4	2	11	-7	
78	208	79	13	-5	4	1	12	-8	
73	198	75	11	-9	3	-1	12	-14	
68	183	68	8	-8	3	-1	13	-9	
66	178	67	8	-6	3	0	12	-13	
65	175	66	8	-5	3	0	11	-16	
65	174	66	9	-4	4	0	11	-6	
67	172	66	10	-4	6	0	10	-6	
67	171	66	9	-5	4	0	10	-6	
65	173	66	9	-7	1	0	9	-4	
64	175	66	9	-7	1	0	8	-4	
65	170	66	8	-8	0	0	8	-8	
0	0	0	0	0	-2	-2	14	28	
-2	2	3	-9	-14	-3	-1	9	14	
-1	2	4	-9	-13	-5	-2	11	-13	
0	0	5	-10	-12	-5	-5	10	-16	
0	0	6	-10	-13	-5	-4	9	-24	
0	1	6	-9	-14	-6	-4	11	-13	
0	2	4	-9	-13	-4	-2	8	-1	
0	1	3	-10	-12	-6	-1	9	-32	
-2	-2	3	-10	-12	-6	-3	11	-28	
-2	-1	3	-10	-10	-3	-3	13	-6	
-2	0	3	-10	-12	-4	-3	11	-14	
-3	0	2	-10	-12	-6	-3	8	-13	
94	247	87	12	0	0	1	12	-6	
107	260	90	14	0	0	0	10	-10	
119	287	95	17	0	0	-1	8	-8	
123	297	99	19	0	2	-1	9	-8	
125	311	106	20	0	2	-4	10	-12	
125	317	109	21	2	-1	-4	12	-11	
131	328	110	21	2	-1	-4	11	0	
132	334	112	21	3	0	-4	9	-4	
136	339	113	22	3	3	-2	8	-11	
137	346	116	22	1	3	0	10	-7	
137	348	118	22	3	2	0	12	-7	
141	352	119	22	5	2	-2	11	-8	
142	355	118	22	5	2	-2	9	-4	
141	360	119	24	4	1	0	9	-10	
140	366	121	23	4	1	-1	9	-14	
141	366	121	22	4	3	-1	9	-8	
145	369	124	23	4	3	0	11	-6	
145	370	124	23	6	3	-1	12	-5	
146	372	123	23	5	2	0	12	-7	
147	372	123	22	6	3	0	11	-8	
147	371	124	23	6	5	-2	9	-8	
146	370	124	23	6	4	-3	8	-15	
145	367	125	23	7	1	-2	9	-15	
144	366	124	24	8	1	0	11	-2	
143	367	123	25	8	4	0	13	-1	
141	364	122	25	8	3	-1	11	-11	
136	357	119	25	8	0	-1	8	-9	
136	355	119	23	6	0	0	10	-4	
134	348	118	24	6	2	0	10	-11	
130	335	114	23	7	1	-2	8	-10	
126	326	111	20	6	2	-4	5	-10	
115	300	101	17	4	0	-6	4	-12	
103	282	93	15	3	-2	-7	4	-17	
88	240	80	11	2	-2	-7	4	-15	
82	200	70	8	0	-5	-5	4	-11	
4	7	0	15	8	3	6	-4	21	
7	6	-2	15	7	4	4	-8	23	
7	6	-3	14	5	4	3	-8	44	
7	7	-1	14	5	4	5	-4	30	
6	6	-2	12	7	5	5	-5	4	
5	7	-4	12	7	6	6	-4	7	
5	7	-1	17	9	5	6	-3	11	
8	9	0	16	9	4	5	-3	0	
8	6	0	15	8	7	5	-2	3	
6	4	-1	15	8	7	8	-2	14	
7	3	-2	14	9	6	9	-2	14	
7	0	-2	13	7	5	8	-2	8	
0	-18	-8	13	7	4	8	-1	5	
-3	-47	-20	11	7	3	9	0	10	
0	0	0	0	0	0	0	5	-11	
117	400	152	36	9	3	-4	5	-15	
117	402	152	36	11	4	-2	5	-11	
118	405	152	34	14	6	-3	5	-7	
119	407	153	37	14	6	-2	6	-9	
122	412	159	38	13	7	-2	6	-9	
121	413	159	36	12	7	-2	6	0	
119	414	156	33	13	7	-2	5	-9	
121	412	155	34	14	5	-1	5	-22	
120	409	155	36	13	5	-1	5	-17	
117	400	153	35	12	7	-2	4	-15	
114	396	152	35	12	5	-2	5	-17	
113	385	146	32	12	6	-1	6	-11	
111	377	143	30	12	6	-1	5	-13	
109	364	138	30	10	6	0	4	-14	
107	358	136	31	9	6	0	4	-13	
104	345	134	32	10	6	-1	6	-15	
102	337	131	30	10	6	-1	7	-15	
97	325	125	24	9	5	0	5	-15	
97	319	123	24	8	5	0	5	-15	
92	303	117	24	8	4	-4	6	-5	
88	296	114	25	7	4	-4	6	-7	
84	284	106	22	6	3	-1	7	-14	
76	256	101	18	6	1	-3	7	-13	
71	240	96	14	4	0	-6	5	-19	
3	6	-4	13	9	6	7	-6	20	
3	6	-6	12	8	7	7	-9	8	
5	7	-6	14	7	9	5	-7	15	
5	6	-6	14	7	8	3	-6	11	
5	6	-7	14	8	9	3	-6	34	
5	6	-7	14	8	10	2	-10	13	
7	7	-5	14	5	5	2	-7	5	
6	8	-5	13	6	5	3	-7	4	
4	8	-5	14	5	6	5	-6	41	
6	8	-4	14	5	6	4	-10	3	
5	10	-3	17	5	6	5	-5	16	
86	303	164	39	14	2	0	10	-14	
89	318	173	41	14	3	0	10	-11	
94	340	183	45	16	3	0	11	-18	
96	347	186	46	18	4	-1	12	-22	
100	361	191	46	18	5	-1	12	-16	
102	372	195	47	18	4	0	11	-17	
101	377	198	47	20	3	0	12	-9	
105	377	199	49	20	5	-1	12	-9	
106	375	198	49	17	7	0	12	-17	
104	377	199	48	18	2	0	12	-13	
103	374	198	49	18	2	0	10	-16	
102	372	195	50	17	3	0	7	-15	
102	368	194	48	17	3	-1	7	-15	
103	366	194	45	18	4	-1	10	-20	
100	355	192	42	18	4	0	12	-20	
97	348	189	41	18	4	0	13	-25	
93	332	178	41	18	3	-2	12	-18	
88	315	167	36	16	1	-2	10	-13	
86	306	159	34	14	1	-2	9	-17	
82	285	150	28	12	2	-3	10	-10	
80	278	145	26	12	2	-3	10	-10	
78	267	137	27	11	0	-2	8	-14	
78	264	136	27	11	0	-2	8	-14	
74	262	132	27	11	0	-1	10	-13	
73	260	130	30	11	2	-1	9	-13	
73	253	131	28	10	2	-3	9	-12	
70	250	131	24	8	0	-3	11	-12	
67	244	122	23	8	0	-3	13	-14	
64	227	113	23	7	1	-2	10	-16	
60	212	106	17	2	-3	-3	9	-14	
0	5	-3	9	6	3	4	-9	30	
2	5	-3	9	6	4	6	-6	9	
3	6	-3	9	6	6	6	-6	7	
1	5	-2	9	6	6	5	-9	7	
0	4	-3	9	6	4	6	-5	20	
0	4	-1	9	6	3	7	-1	20	
79	241	150	42	11	9	1	7	-12	
85	270	164	45	13	5	2	4	-15	
87	295	175	47	16	5	2	4	-3	
95	307	180	49	17	8	1	8	-1	
100	322	191	55	17	9	1	6	-2	
101	325	194	56	16	9	0	4	-1	
101	334	200	53	16	10	0	6	4	
105	343	205	54	17	10	1	5	0	
105	343	205	57	18	10	1	6	-7	
109	348	206	56	18	12	1	6	-4	
109	349	207	53	18	12	1	7	-14	
108	348	207	57	18	11	-1	6	-19	
110	349	207	58	18	11	-1	4	-10	
109	350	206	56	18	9	1	5	-9	
109	350	206	56	17	6	2	6	-10	
107	349	207	55	17	5	1	9	-6	
105	345	205	53	16	6	0	8	-3	
106	344	203	54	15	10	1	6	-4	
106	343	198	54	15	9	1	6	0	
101	336	195	53	16	5	0	5	0	
100	333	191	51	15	6	1	6	-9	
99	329	186	50	14	8	1	4	-9	
98	323	182	50	15	7	0	3	-4	
98	320	182	50	15	8	0	4	-4	
98	313	178	48	14	7	0	6	-11	
95	310	178	46	14	7	0	7	-12	
92	306	175	46	15	9	0	6	-5	
92	303	173	45	15	7	0	6	-7	
90	292	169	45	14	6	0	7	-1	
84	285	164	45	13	5	0	7	3	
83	277	153	41	10	5	-1	4	-3	
81	253	147	39	10	6	-1	4	-11	
70	222	128	35	9	6	-1	4	-3	
61	199	115	0	0	0	0	0	0	
0	4	-2	6	8	2	6	3	21	
4	4	-2	7	8	0	6	4	28	
6	3	-5	7	6	0	5	-1	6	
6	3	-4	7	3	0	7	0	3	
4	3	-2	7	4	0	8	0	3	
4	3	-2	9	4	0	8	-1	9	
5	3	-1	7	4	-2	6	1	0	
62	207	75	15	7	9	-4	5	-4	
65	213	77	18	7	9	-5	4	-4	
70	225	82	21	5	9	-5	3	-4	
70	230	83	20	6	9	-5	6	-4	
71	235	83	20	9	10	-3	7	-1	
72	238	87	21	9	10	-2	8	0	
73	244	88	25	8	8	-2	9	-1	
74	245	89	27	9	8	-3	9	5	
76	247	89	24	9	11	-4	6	-2	
76	250	91	23	8	10	-4	6	-11	
76	250	92	23	9	9	-2	10	-4	
77	251	93	24	9	9	-2	11	-3	
77	252	93	24	10	8	-4	9	-4	
76	250	90	21	11	8	-5	7	-8	
76	251	90	21	11	8	-5	9	-10	
76	251	90	22	9	9	-5	9	-6	
76	246	90	22	9	10	-5	8	-7	
74	240	90	22	8	9	-5	10	-13	
71	234	88	21	7	8	-5	10	-15	
66	221	79	19	7	9	-5	4	-10	
66	213	75	19	7	9	-5	3	-4	
62	188	68	15	7	9	-5	8	-8	
55	175	65	12	5	9	-5	7	-5	
44	145	57	7	2	7	-6	5	-1	
41	129	51	5	2	7	-6	0	0	
9	15	11	15	11	1	9	-1	19	
6	15	7	13	9	-1	7	-7	20	
6	15	7	11	8	0	10	-6	27	
9	16	10	14	8	2	12	0	35	
11	13	11	15	8	2	11	0	25	
0	0	0	0	0	0	0	7	-6	
31	109	40	1	-2	4	-3	7	0	
34	127	46	2	0	5	-2	7	1	
41	158	57	7	2	7	0	10	-8	
50	184	69	12	4	9	0	10	-9	
53	192	73	15	4	8	-2	9	-3	
59	209	77	20	4	9	-1	8	0	
60	212	78	19	4	8	0	8	3	
59	213	79	17	5	8	-1	11	2	
59	212	81	18	6	10	-2	10	-2	
58	212	80	18	6	9	-2	8	-7	
57	210	77	17	4	9	0	9	-3	
57	206	78	17	5	9	0	11	-4	
56	201	76	15	4	9	0	11	-5	
54	198	74	12	4	9	-3	10	-2	
49	197	74	14	4	6	-2	10	-9	
50	191	72	14	3	5	-1	10	-14	
53	185	71	12	4	8	-7	10	-1	
51	182	70	13	3	7	-7	9	-1	
51	182	70	14	2	7	-5	10	-9	
49	175	69	15	4	9	-3	12	-3	
47	173	69	15	4	9	-3	12	-11	
46	171	68	11	2	7	-6	7	-5	
45	168	67	9	2	5	-5	8	-3	
43	165	65	10	1	5	-4	11	-6	
45	163	65	10	0	8	-5	11	-4	
44	155	61	9	1	7	-5	11	-4	
42	152	60	8	1	7	-4	11	-3	
37	138	57	7	1	9	-3	11	2	
32	120	49	6	0	0	0	0	0	
0	0	0	0	0	0	0	-7	19	
5	7	3	10	6	0	5	-5	15	
7	7	4	11	4	0	5	-4	9	
7	7	3	11	5	0	5	-4	14	
7	7	3	11	8	0	5	-9	20	
8	7	3	11	9	-1	6	-7	16	
6	6	3	11	7	0	6	-5	1	
6	6	3	13	6	0	6	-6	7	
8	6	1	10	6	0	6	-6	-6	
8	4	1	10	7	1	4	-7	-24	
8	4	2	12	6	1	2	-5	1	
7	5	1	13	6	1	3	-6	13	
6	5	1	13	10	2	3	-4	-5	
6	5	1	13	8	4	4	-3	-7	
9	6	1	15	8	4	5	-4	3	
9	2	0	14	8	3	3	-3	-4	
6	-4	0	13	5	3	1	-3	2	
3	-20	-7	12	2	3	0	-3	6	
-1	-31	-12	10	1	2	1	-3	0	
85	299	119	25	9	5	4	5	5	
87	299	119	23	9	5	4	5	1	
86	299	120	23	8	4	5	5	0	
87	299	120	25	8	7	5	6	6	
87	300	120	24	10	10	9	6	6	
87	300	122	24	10	10	9	4	6	
86	300	124	29	9	8	5	5	2	
87	300	123	32	9	8	7	6	7	
88	294	121	29	9	8	6	6	3	
82	286	119	27	9	7	5	6	6	
79	272	113	24	9	7	7	7	17	
75	269	110	25	7	4	6	8	16	
73	257	103	24	6	4	5	8	13	
71	250	101	19	8	6	6	7	7	
70	243	94	17	6	5	7	6	0	
64	221	90	19	4	4	5	6	1	
59	208	79	14	5	4	4	7	2	
51	177	72	9	5	6	6	7	3	
-10	-4	-3	-13	-2	3	3	6	39	
-10	-2	0	-11	-3	1	4	5	20	
56	171	64	7	7	7	2	4	3	
66	205	73	10	8	8	2	3	-1	
71	230	82	11	9	7	2	0	1	
82	242	88	12	10	8	2	0	-2	
90	265	96	18	13	9	6	3	0	
92	273	96	18	13	8	6	4	0	
95	279	98	21	13	8	6	4	7	
95	281	101	21	12	8	5	3	15	
95	282	102	21	11	7	4	3	4	
96	282	102	22	12	8	4	2	3	
98	282	103	21	12	6	4	3	4	
96	278	103	21	12	7	4	3	-4	
92	272	100	19	14	11	5	4	-4	
91	269	98	19	15	11	7	4	3	
91	261	94	16	13	11	7	2	3	
87	258	93	14	10	8	7	2	-1	
85	251	91	15	11	7	8	4	-1	
85	249	90	16	11	6	7	3	0	
82	243	89	16	10	6	6	2	3	
81	239	89	16	10	5	6	0	7	
79	232	88	14	12	6	4	0	0	
79	229	85	14	12	6	4	3	-6	
75	221	82	14	10	4	5	3	-3	
74	219	81	14	10	5	3	1	-2	
76	215	81	12	10	7	6	2	2	
76	210	80	12	10	7	7	5	9	
72	210	78	12	9	5	7	5	7	
70	206	74	11	7	2	7	2	1	
64	192	74	11	7	3	4	2	-3	
60	182	64	5	6	3	5	2	-5	
51	152	57	2	5	3	5	4	-3	
-8	-2	2	-11	-1	-1	2	1	23	
-8	-2	-1	-11	-1	-1	4	1	20	
-6	-3	-1	-9	-1	1	4	2	3	
-6	-4	2	-9	0	0	1	3	-7	
36	129	53	9	6	4	3	5	4	
50	190	77	17	9	3	4	7	3	
58	204	88	23	9	5	0	5	4	
67	227	92	24	10	6	0	8	6	
70	241	95	26	10	7	6	7	3	
70	247	96	26	10	7	7	6	4	
71	251	100	27	10	6	5	9	3	
71	248	100	28	11	7	2	9	8	
71	245	98	28	12	6	4	9	10	
70	239	99	26	12	5	5	8	7	
67	237	99	24	12	5	5	8	10	
68	234	96	23	14	8	7	10	8	
68	231	94	23	14	8	7	10	7	
64	231	93	23	13	6	6	6	8	
65	231	93	21	13	5	5	6	8	
65	228	91	21	12	4	5	8	8	
62	223	90	20	12	3	6	7	3	
59	221	90	20	11	4	8	7	6	
56	218	90	22	10	4	6	7	7	
56	217	90	21	11	3	5	4	7	
58	212	87	20	11	4	4	4	18	
59	210	86	22	11	4	6	5	15	
59	204	88	22	12	5	6	7	4	
58	202	84	18	11	4	5	7	2	
57	201	80	20	10	5	5	6	8	
55	200	80	19	10	6	5	6	18	
55	198	80	16	11	7	5	6	14	
55	198	81	15	10	6	4	6	7	
55	198	82	15	9	3	4	6	11	
55	198	81	15	10	3	5	6	5	
52	194	81	16	11	4	5	6	6	
51	183	77	14	10	2	5	7	11	
47	176	74	12	10	2	5	5	7	
40	151	64	8	10	4	6	4	0	
34	133	57	5	8	0	0	0	0	
-10	3	-2	-10	0	0	3	3	32	
0	0	0	0	0	0	2	2	-6	
2	30	8	-5	0	0	1	3	-4	
7	39	11	-4	1	3	2	4	7	
14	65	16	-3	1	2	5	2	2	
28	92	26	1	2	1	5	3	2	
36	106	35	6	3	2	4	7	11	
51	148	49	10	6	3	3	6	8	
59	169	58	13	6	1	1	5	1	
74	200	71	14	7	2	1	5	-5	
89	224	77	16	10	7	5	5	-1	
94	235	79	18	9	9	5	3	3	
96	251	83	21	10	9	3	3	4	
96	255	87	21	10	8	3	6	7	
93	258	89	20	9	4	4	6	8	
91	255	87	21	11	4	2	8	0	
91	255	83	21	11	5	2	7	4	
89	252	85	19	10	4	3	5	3	
89	247	86	20	9	4	3	5	4	
85	239	82	20	9	3	4	8	5	
85	238	81	17	9	4	3	11	5	
84	236	79	16	9	5	2	7	6	
81	232	77	18	9	4	4	4	9	
81	226	75	15	7	4	4	4	9	
74	222	75	13	6	4	5	4	4	
75	221	75	14	8	4	5	4	-3	
75	217	72	16	7	4	4	4	3	
72	214	71	16	7	4	3	4	0	
70	204	68	13	6	3	2	3	-3	
68	196	65	11	6	3	2	4	5	
60	176	56	10	6	5	3	4	6	
53	159	50	7	3	4	3	3	6	
0	0	0	0	0	0	0	0	29	
-4	3	0	-9	-3	3	3	6	20	
-6	5	0	-9	-2	2	3	5	22	
-8	5	0	-9	-3	1	3	4	27	
61	235	85	19	6	6	2	3	6	
66	249	91	23	7	7	3	3	5	
69	262	93	25	7	7	3	4	13	
74	269	94	26	6	7	3	5	11	
76	277	96	26	6	9	5	5	9	
75	279	97	25	7	7	4	4	7	
74	282	100	25	7	8	3	4	9	
74	283	102	27	8	8	3	5	19	
76	286	103	27	8	5	5	5	12	
76	284	104	27	8	7	5	3	11	
75	284	104	27	8	10	6	5	18	
73	281	101	26	8	9	6	5	18	
74	279	98	23	6	7	5	4	10	
74	276	98	23	5	7	6	4	11	
72	270	98	22	4	8	4	5	13	
72	263	96	22	4	8	2	5	14	
69	261	93	22	3	6	3	5	17	
68	257	89	22	3	5	3	4	12	
68	255	88	22	3	6	4	0	9	
66	252	87	22	3	8	4	1	0	
66	251	88	23	2	8	3	3	9	
69	249	88	23	2	8	5	3	17	
69	249	87	22	2	9	4	2	7	
66	249	87	22	2	8	1	1	11	
66	249	87	22	4	6	1	0	13	
66	246	87	20	4	7	0	1	12	
66	245	89	20	4	7	2	3	12	
67	248	89	22	4	7	5	3	10	
65	248	88	20	5	9	5	1	7	
63	248	86	18	5	7	5	0	9	
63	247	87	19	4	4	3	0	7	
58	232	85	20	4	4	3	1	8	
53	214	79	19	2	4	3	0	14	
36	150	51	9	0	4	4	0	10	
-8	1	-1	-9	-4	3	6	3	38	
-8	1	0	-9	-4	2	6	0	0	
47	190	72	13	5	5	2	2	3	
63	233	88	17	5	6	5	4	5	
76	263	101	22	7	6	5	5	5	
80	274	104	24	8	6	4	4	6	
86	294	111	28	8	8	3	7	4	
87	303	115	28	10	8	4	9	10	
91	317	119	25	8	8	4	7	11	
93	317	118	28	8	7	5	4	5	
91	317	115	30	8	4	4	3	3	
90	318	115	27	7	4	3	3	3	
89	317	116	26	8	7	4	3	7	
87	315	116	28	8	7	6	5	10	
88	315	116	29	6	7	8	5	8	
88	313	116	28	6	7	7	4	7	
87	307	117	27	6	7	6	5	15	
87	303	116	26	6	7	6	8	10	
87	300	114	27	6	7	4	6	3	
86	297	112	28	5	6	2	5	4	
86	296	114	28	5	6	3	10	5	
85	293	114	31	5	6	6	8	5	
85	293	112	30	5	7	5	4	7	
85	288	110	25	4	7	4	5	1	
84	283	108	24	5	5	4	6	-6	
81	282	109	25	5	3	4	6	-2	
79	280	109	24	3	4	6	7	5	
79	280	107	24	2	5	6	6	6	
80	275	105	25	1	7	4	6	13	
80	272	105	24	1	7	3	5	10	
77	268	105	23	2	4	3	5	6	
74	266	105	22	2	3	5	6	11	
71	258	103	22	1	1	6	5	7	
69	250	99	21	1	1	6	4	14	
58	222	86	14	1	0	5	5	21	
52	195	78	9	-1	0	5	6	13	
0	9	3	-9	-11	2	5	0	19	
-3	10	2	-9	-11	0	3	-1	19	
-3	9	3	-9	-10	0	3	-2	46	
-3	9	3	-11	-9	0	6	0	43	
54	135	51	5	-4	2	8	0	13	
72	173	68	10	-2	3	8	0	9	
83	191	74	10	0	5	9	0	13	
98	224	82	16	2	7	9	1	17	
104	240	87	18	2	9	9	4	10	
116	265	99	23	1	10	12	6	12	
121	279	105	26	1	8	11	5	13	
123	281	105	25	2	7	9	4	13	
123	284	105	26	3	9	10	5	9	
126	285	104	26	2	9	11	2	12	
126	288	105	25	2	10	10	1	4	
124	289	105	25	3	8	10	2	3	
123	287	104	23	4	5	10	1	5	
120	284	103	22	2	6	11	2	10	
120	282	102	22	1	6	12	4	11	
119	279	100	22	1	5	10	3	8	
118	280	101	22	1	5	11	3	8	
120	280	101	22	4	10	13	3	11	
120	279	103	22	5	11	12	2	12	
115	279	104	22	3	6	9	0	12	
118	278	103	20	4	7	9	3	8	
118	277	102	19	4	8	10	3	8	
114	277	102	22	4	6	10	2	11	
115	276	99	22	4	8	10	4	11	
114	276	98	20	4	9	10	3	10	
117	276	100	20	6	12	9	4	14	
116	274	100	18	8	10	8	3	10	
105	263	96	16	5	5	8	3	7	
91	234	88	16	2	5	7	5	11	
81	208	78	14	2	5	7	3	6	
58	151	58	1	0	3	7	3	4	
67	182	60	9	4	3	2	1	10	
77	204	68	13	7	6	2	1	10	
97	247	83	18	8	6	2	0	6	
111	281	93	22	9	5	2	-1	2	
117	293	96	23	9	6	3	-1	6	
128	314	103	26	10	7	4	0	7	
130	322	106	25	11	7	7	0	1	
132	338	109	26	11	7	8	1	2	
131	345	113	27	10	7	5	4	3	
132	345	113	27	11	8	7	4	9	
133	344	110	26	11	8	7	3	8	
132	342	110	26	9	8	6	2	6	
131	340	111	26	9	8	7	2	9	
128	332	109	24	10	7	8	0	3	
125	327	105	24	8	6	7	0	0	
122	320	105	23	8	7	7	0	2	
120	313	101	22	8	7	5	0	2	
118	307	99	22	7	5	4	0	4	
113	295	93	21	5	5	4	0	7	
111	286	93	20	6	5	6	-2	5	
109	282	93	24	6	4	7	0	2	
104	268	88	23	4	4	7	0	11	
101	246	79	17	3	3	5	0	17	
90	230	73	14	3	3	4	0	2	
70	186	57	8	0	1	4	0	1	
0	0	0	-6	-3	2	4	0	27	
0	0	0	0	0	0	0	0	5	
77	185	62	13	3	1	4	-2	8	
85	204	69	15	4	1	4	-2	2	
102	234	79	18	5	1	4	-2	0	
110	249	85	21	5	4	4	-1	-2	
123	275	98	27	9	5	4	-1	-9	
128	286	100	27	9	5	3	0	1	
134	303	104	30	9	5	3	0	5	
135	309	106	30	10	5	6	1	-1	
134	319	106	30	11	6	8	1	1	
136	324	107	33	11	5	6	0	6	
137	324	108	31	10	8	7	-1	2	
138	323	108	31	10	8	7	0	-2	
135	319	111	32	10	6	5	2	5	
131	315	109	31	11	7	5	2	9	
128	308	101	30	12	7	8	1	3	
128	305	100	29	12	8	10	0	7	
127	301	100	25	12	8	8	0	6	
127	299	98	25	9	4	7	0	3	
126	294	97	28	7	4	9	0	4	
125	290	97	28	9	6	8	0	2	
121	284	90	22	10	7	8	-3	1	
120	281	87	21	8	6	7	-5	14	
115	268	88	21	8	6	4	-2	10	
112	256	84	21	9	7	5	0	6	
108	249	81	21	10	10	8	0	4	
90	220	71	17	9	8	10	-2	4	
76	195	50	8	5	5	6	-4	12	
-5	7	-1	-7	2	3	1	0	16	
-5	7	-2	-7	2	3	2	0	20	
-3	9	-3	-6	5	4	3	-2	15	
64	239	109	33	14	9	2	1	10	
70	256	124	40	14	9	2	1	6	
81	280	131	40	14	11	1	1	2	
88	300	139	38	15	12	2	3	-1	
90	309	143	44	18	12	2	4	10	
91	323	146	46	18	11	3	1	15	
90	330	147	46	17	11	4	1	5	
91	331	149	50	18	12	4	1	4	
92	332	152	51	18	12	4	1	6	
91	332	153	49	18	12	4	0	3	
91	332	152	48	16	11	4	0	-1	
92	332	151	49	15	12	4	0	4	
92	325	148	48	15	14	1	1	12	
92	319	147	48	15	16	1	1	19	
89	318	145	46	14	16	2	0	8	
87	312	143	44	14	14	2	1	4	
88	308	143	46	16	14	4	1	9	
87	301	138	46	17	14	5	0	13	
84	297	136	43	18	16	5	1	17	
80	288	134	43	15	16	3	2	12	
80	280	130	42	12	13	3	0	4	
80	276	127	43	12	15	5	0	8	
77	265	122	40	13	16	6	3	6	
73	256	115	34	13	15	6	3	1	
69	229	112	34	13	13	6	3	4	
59	195	96	28	7	10	6	1	6	
49	172	80	0	0	0	0	0	0	
0	5	0	0	-5	6	2	-5	31	
0	5	0	-1	-5	6	2	-5	21	
63	222	118	34	11	9	4	0	11	
70	240	129	40	11	10	4	0	7	
83	273	150	47	11	10	4	-2	3	
84	285	156	48	12	10	4	-2	-2	
86	306	167	52	14	11	7	0	5	
92	313	170	53	14	13	7	0	15	
94	326	177	56	15	15	4	-1	5	
97	333	180	57	17	16	5	0	-1	
97	337	183	60	17	16	7	1	2	
98	337	184	60	17	13	6	1	6	
98	335	182	53	17	12	4	1	2	
97	335	182	52	18	13	4	1	5	
97	335	182	53	18	14	4	1	16	
99	332	180	53	18	15	4	1	10	
97	327	178	51	17	15	2	0	4	
96	326	176	52	17	13	2	2	8	
95	323	174	50	16	13	3	4	0	
92	315	169	48	16	12	0	4	0	
90	308	169	48	17	12	0	5	8	
88	302	165	48	16	12	1	3	4	
84	299	160	48	15	10	1	1	2	
79	285	151	46	15	10	0	1	11	
80	276	143	43	14	9	-1	1	14	
79	261	138	41	13	10	-1	0	5	
72	242	129	37	10	10	0	0	8	
67	230	125	36	9	7	0	2	9	
57	205	108	29	7	7	-1	2	6	
51	0	0	0	0	0	0	0	0	
0	-13	0	6	8	-1	8	2	18	
0	-12	0	6	7	-3	7	1	-3	
0	-13	-1	5	7	-4	7	1	-5	
2	-14	0	8	5	-3	7	0	-16	
2	-10	0	9	4	-2	8	0	-22	
1	-11	0	8	6	-2	8	0	-6	
1	-11	0	8	6	-2	8	0	-8	
1	-12	-1	7	5	-1	8	0	-11	
2	-12	-2	5	4	-2	7	0	-10	
0	-11	-2	6	4	-2	7	0	-2	
-1	-22	-8	6	6	-2	8	0	-2	
-4	-29	-13	4	5	-2	9	-1	-2	
-9	-39	-18	0	3	-2	7	0	-4	
-9	-43	-20	-2	1	-1	7	0	-13	
-12	-59	-30	-4	2	-2	7	-4	-13	
-22	-80	-45	-10	1	-2	7	-2	-8	
-28	-91	-50	-13	1	-1	6	0	-2	
-37	-121	-69	-15	-1	-4	6	-1	-10	
-39	-157	-92	-22	-3	-6	5	-1	-12	
-50	-175	-103	-27	-3	-9	5	-1	-4	
36	26	48	28	10	1	4	0	-7	
35	34	56	30	10	0	3	1	-4	
34	33	55	30	10	0	5	0	-14	
36	33	52	30	10	0	6	-3	9	
37	35	52	30	11	0	7	-3	43	
38	35	53	30	12	1	5	-2	15	
38	34	54	32	12	1	4	1	0	
39	36	53	31	11	1	5	4	-8	
38	37	53	34	11	0	5	4	-15	
38	36	54	36	11	0	4	1	-19	
38	36	52	36	11	1	5	2	-5	
37	38	53	36	11	0	6	3	6	
38	38	55	34	10	0	5	4	10	
39	38	53	34	8	0	6	4	6	
39	39	54	36	7	0	3	-1	-19	
37	37	52	35	10	1	6	0	4	
40	37	51	35	12	3	6	0	20	
40	37	54	36	9	0	4	2	-16	
39	39	55	35	9	0	4	-2	-3	
39	39	55	35	11	0	5	-2	8	
39	38	53	35	10	0	6	-4	11	
40	38	52	33	6	0	5	-7	-16	
42	39	54	32	6	0	5	-2	-24	
41	39	53	34	9	0	6	-2	11	
41	38	54	31	10	0	4	-2	-1	
41	38	55	31	11	0	3	-5	-7	
40	40	54	31	11	0	7	-8	-14	
41	40	54	30	11	0	8	-4	-11	
41	40	56	32	11	0	7	-2	-10	
40	40	54	32	9	-1	8	-1	-4	
41	40	54	33	9	-1	7	2	-3	
40	41	54	33	12	-2	7	1	-16	
38	39	52	31	13	-2	7	2	-15	
37	39	54	29	12	-2	8	1	1	
37	40	54	26	10	-2	8	0	-12	
37	36	53	30	9	-1	7	0	-12	
37	32	52	31	9	0	7	0	4	
36	21	46	31	9	-1	8	0	-2	
34	14	44	31	9	-2	7	0	1	
26	-4	36	27	9	-2	8	0	7	
21	-14	31	26	8	-3	8	-2	0	
0	0	0	8	1	10	-4	0	12	
57	286	77	9	1	10	-3	0	10	
60	290	77	11	2	11	-1	1	4	
60	293	78	11	3	11	-1	4	3	
61	296	83	10	3	12	-1	7	8	
62	298	83	9	4	13	-1	4	4	
62	302	80	12	4	11	-1	3	4	
64	302	82	12	2	10	-1	3	8	
65	302	82	10	1	10	-3	3	17	
64	299	83	14	1	9	-5	2	17	
64	298	81	13	1	11	-3	3	5	
58	296	81	13	1	9	-2	4	5	
57	293	81	13	2	7	-5	3	4	
59	287	77	13	1	8	-4	4	2	
58	283	74	12	0	8	-2	4	-3	
57	281	74	7	0	10	-3	2	0	
57	278	75	9	2	10	-3	1	3	
57	276	75	10	1	11	-3	3	3	
55	272	71	7	1	11	-3	2	9	
54	269	70	9	0	11	-4	3	10	
54	269	70	9	0	10	-5	4	4	
58	268	71	11	2	11	-5	4	3	
57	268	72	10	1	11	-5	4	5	
51	268	71	10	0	10	-5	4	9	
52	267	71	10	1	11	-5	6	3	
54	269	72	10	1	8	-6	6	4	
54	271	72	10	1	9	-6	6	5	
56	270	75	8	2	9	-7	7	4	
56	271	76	8	2	7	-7	7	0	
53	270	74	9	2	6	-7	7	0	
58	271	73	9	2	12	-5	9	10	
60	273	75	9	3	12	-5	8	11	
57	272	75	9	2	8	-8	6	8	
59	273	75	9	3	7	-8	6	3	
60	273	75	11	3	8	-6	6	4	
59	274	75	13	1	7	-6	7	5	
57	274	75	12	0	7	-8	8	5	
56	272	75	12	0	10	-9	7	0	
57	271	77	12	0	10	-9	8	0	
58	271	77	12	0	9	-9	7	8	
59	274	76	12	0	8	-9	7	3	
58	271	75	11	0	8	-7	9	0	
56	270	75	7	0	8	-5	8	-2	
53	277	76	8	0	5	-4	7	-4	
55	279	77	14	0	6	-4	12	2	
62	278	80	13	0	9	-6	12	7	
61	280	81	13	0	9	-9	7	0	
60	282	81	16	0	9	-10	7	-5	
60	282	79	17	1	7	-10	8	-2	
59	281	76	16	1	7	-7	9	0	
60	275	75	14	2	9	-8	10	0	
61	271	75	13	2	9	-9	9	2	
58	267	73	14	2	8	-8	7	-2	
50	246	66	10	0	7	-9	7	-2	
45	227	59	9	0	7	-8	9	0	
27	151	27	1	-2	7	-10	9	8	
0	0	0	0	0	0	0	0	24	
-33	-28	-38	-22	-11	-4	-11	1	19	
-22	-21	-27	-16	-5	1	-4	4	22	
-26	-22	-29	-16	-5	-4	-3	2	17	
-25	-22	-24	-15	-8	-4	-5	2	2	
0	0	0	0	0	0	0	5	26	
-21	-19	-28	-16	-6	-1	-1	2	17	
0	0	0	0	0	-3	0	3	32	
-22	-18	-25	-14	-6	-5	0	4	19	
-7	-9	-10	-7	-4	1	-1	4	19	
-6	-9	-9	-7	-4	3	-2	7	3	
-6	-9	-9	-7	-3	4	-1	5	-17	
0	0	0	0	0	0	2	-1	17	
4	3	4	8	1	0	3	0	14	
4	3	3	8	1	0	4	-1	-5	
4	3	4	8	0	0	2	-3	1	
4	4	4	8	0	0	0	-6	9	
5	5	4	9	1	-2	2	-6	12	
4	4	4	8	2	-1	2	-2	17	
3	4	5	7	2	-1	2	-1	0	
0	-3	0	-8	1	3	-3	0	20	
-6	-3	0	-8	1	4	-2	0	4	
-5	-1	0	-7	2	6	-1	3	-5	
-9	0	-2	-7	0	5	-3	2	16	
-9	-1	-1	-6	0	4	-4	2	-5	
-8	0	-1	-6	1	4	-4	3	-6	
-8	0	-1	-8	2	5	-2	2	21	
-9	0	0	-7	0	2	-4	0	24	
-2	4	0	-5	-1	4	0	0	11	
-2	2	1	-1	-1	4	-1	1	-4	
-1	4	-5	-1	-2	2	0	2	2	
-2	4	-5	1	-1	2	-1	0	2	
-3	3	-4	1	0	2	0	-1	-11	
-2	2	-2	0	0	2	0	0	-4	
-3	2	-3	0	0	0	0	0	0	
0	3	1	-3	4	5	5	3	30	
-2	3	0	-3	1	4	0	-1	3	
0	0	4	5	1	-1	4	-2	22	
-2	-3	-6	-7	-2	1	0	3	16	
-2	-3	-6	-7	-2	2	-1	3	18	
-2	-2	-9	-6	-2	2	-3	0	-5	
-2	-3	-9	-7	-2	3	-3	0	0	
0	-4	-8	-8	-2	5	-1	-1	-2	
-2	-2	-11	-8	-3	5	1	-2	-14	
-6	-2	-9	-8	-3	4	0	1	-8	
-6	-3	-8	-9	-2	5	-1	3	-5	
-5	-3	-7	-9	-2	5	0	2	-5	
-4	-3	-9	-8	-1	5	0	0	0	
-11	-3	-5	-7	-4	6	1	6	22	
-11	-3	-6	-7	-4	6	0	6	0	
-10	-4	-6	-8	-3	7	-1	6	-12	
-10	-4	-7	-8	-3	8	0	5	-14	
-10	-3	-8	-7	-3	7	1	6	-4	
-10	-3	-8	-7	-4	4	1	4	-11	
-10	-3	-6	-7	-6	4	1	6	-8	
-10	-3	-6	-7	-6	5	3	11	-19	
-6	-3	-6	-6	-5	8	3	9	-36	
-6	-3	-6	-6	-4	8	2	6	-17	
-9	-3	-8	-6	-5	7	2	5	-8	
-9	-3	-8	-5	-6	8	1	6	-9	
-7	-3	-6	-2	-6	10	0	7	3	
-7	-3	-6	-2	-5	10	1	5	3	
-9	-3	-5	-5	-5	6	2	7	-1	
-10	-1	-5	-5	-5	4	3	9	-1	
-10	-2	-7	-6	-5	6	3	6	5	
-11	-3	-7	-4	-6	6	1	6	13	
0	0	0	0	0	0	0	0	22	
8	4	6	5	3	1	0	2	31	
9	4	5	4	4	0	0	-1	-8	
10	3	5	4	4	0	-2	-3	-7	
10	3	5	3	3	0	-3	0	-1	
4	2	3	2	1	-2	0	-5	19	
5	5	4	2	2	-2	1	-2	17	
4	4	4	7	1	-4	0	0	1	
5	2	3	5	1	-4	-1	3	5	
5	4	3	1	3	0	2	1	30	
7	6	3	1	3	1	1	1	20	
6	6	3	1	2	-3	0	2	-5	
6	5	3	1	2	-4	1	2	4	
7	5	4	2	2	-2	1	3	26	
7	5	5	2	2	-2	2	3	-4	
6	6	4	0	3	-3	2	3	-22	
6	0	0	0	0	0	0	0	0	
0	0	3	1	6	-1	3	0	24	
5	7	1	1	6	-1	4	-2	12	
4	6	0	2	4	-1	-1	-5	-12	
4	5	1	2	4	-2	-1	-2	-7	
7	5	2	3	2	-2	0	-1	2	
9	7	0	2	2	-1	1	-1	15	
4	5	0	2	6	-2	-1	-5	20	
6	6	2	1	6	0	0	-2	15	
5	4	4	0	5	0	0	-1	5	
0	0	0	3	7	0	-1	0	22	
3	4	2	1	8	0	-1	-1	8	
3	4	1	1	7	0	1	-2	-33	
5	2	1	3	6	1	1	-1	-31	
5	3	1	4	6	0	-2	-2	-8	
2	3	1	3	6	0	0	0	4	
2	4	1	4	5	0	1	1	15	
5	5	2	4	5	-2	0	-1	5	
6	5	2	3	6	0	0	-1	-12	
4	6	1	3	6	0	1	0	1	
4	5	1	4	5	0	0	0	24	
4	3	1	4	5	1	-5	1	-1	
4	3	2	4	6	0	-4	4	-21	
4	3	1	3	6	0	-1	-1	18	
4	4	1	3	6	0	-2	-1	16	
5	5	1	3	7	0	-2	-1	23	
3	3	3	5	5	-1	2	0	35	
