3	6	0	5	4	0	0	2	17	
2	6	0	4	4	0	0	2	17	
0	3	-1	4	3	-1	1	2	17	
0	4	-1	5	4	0	0	5	13	
-2	2	2	2	0	1	4	3	20	
-2	1	0	0	0	0	0	0	0	
2	1	-2	-3	2	-2	0	0	18	
2	1	-3	-2	0	-2	0	0	36	
-1	-2	3	5	-2	5	0	-2	18	
-3	-2	2	7	-3	5	0	0	-17	
0	-2	2	8	-3	4	1	0	-10	
2	-2	1	8	-1	2	0	-2	2	
0	-2	1	5	-1	2	0	-4	-18	
0	-2	2	4	0	3	0	-4	-12	
0	-2	0	5	0	3	-1	-4	-16	
0	-3	0	6	0	2	-1	-6	-6	
0	-2	1	5	0	3	-1	-5	14	
0	-2	2	3	0	5	1	-3	-2	
0	-3	2	5	0	5	0	-3	-3	
1	-1	2	6	0	6	-1	0	-9	
0	-2	3	4	0	6	0	0	-12	
0	-3	1	2	0	5	0	-4	-12	
0	-4	2	3	0	5	0	0	-26	
-1	-5	2	4	0	4	0	1	-23	
-1	-4	1	5	1	4	1	-1	4	
1	-1	3	5	2	4	0	-2	4	
1	-1	3	4	2	3	-1	-4	0	
1	-2	5	5	0	4	0	-3	-17	
0	-2	5	6	0	6	1	-3	-30	
0	-2	3	6	0	6	0	-3	-10	
0	-4	1	5	1	8	0	-5	-12	
0	-4	1	4	1	8	1	-1	-4	
0	-2	2	3	1	6	1	0	4	
0	-3	3	2	1	5	1	-6	-4	
0	-3	3	3	1	7	1	-6	-15	
1	-2	4	2	1	6	0	-5	-14	
1	-2	4	1	1	6	0	-4	-11	
0	-2	4	1	0	5	0	-3	-4	
-1	-4	6	1	0	6	-1	-2	-4	
-1	-4	4	2	0	7	0	-3	-14	
1	-3	1	2	1	9	1	-8	-17	
1	-3	4	3	2	9	1	-5	2	
0	-3	3	2	3	9	1	-3	-9	
2	-3	5	0	2	8	1	-1	-23	
1	-4	6	1	2	8	-1	-4	-33	
-1	-3	3	2	3	10	-1	-6	-10	
0	-2	3	2	1	7	1	-5	-5	
2	-3	2	2	2	9	1	-2	-7	
1	-3	2	1	2	9	0	-1	-6	
1	-2	1	1	1	9	1	-4	-20	
0	-3	1	1	2	10	-1	-9	-14	
0	-3	3	1	2	10	-5	-7	-3	
0	-2	2	1	2	11	-4	-9	-5	
2	-2	1	2	1	11	-4	-7	-8	
2	-4	2	2	1	11	-3	-4	-4	
2	-5	1	0	3	12	-5	-4	-10	
2	-3	2	1	2	11	-5	-6	-18	
6	-2	1	1	3	12	-2	0	16	
4	-1	0	1	3	9	-2	-3	29	
4	0	1	1	2	8	-1	-5	-5	
5	0	4	1	1	12	-1	-3	-14	
3	-1	4	1	-1	10	-3	-3	-8	
2	-1	2	0	1	10	-3	-4	-5	
0	0	0	-2	3	-6	7	4	26	
1	2	0	-2	4	-4	5	3	16	
0	3	0	-2	4	-4	3	5	29	
0	3	-2	0	2	-4	3	0	0	
0	0	0	0	0	-4	3	4	17	
-2	7	1	-1	1	-5	5	4	37	
0	1	0	2	0	-1	3	1	17	
0	1	1	0	-1	-2	3	0	25	
26	85	263	87	32	14	0	0	-13	
29	90	287	92	35	17	-2	3	-5	
32	93	296	95	36	19	-1	3	2	
33	101	312	99	37	20	3	1	0	
35	103	318	102	38	20	3	1	-6	
36	105	329	110	41	20	3	1	-7	
36	105	332	110	41	21	3	1	0	
36	103	334	107	40	20	3	2	-3	
35	102	334	107	40	21	0	0	-2	
35	102	335	111	40	22	2	0	-4	
35	102	335	113	40	19	4	3	-3	
32	101	329	107	40	19	5	3	-3	
31	100	325	106	41	21	8	3	-5	
35	98	325	106	41	21	7	4	-5	
35	97	322	105	40	19	2	4	-5	
33	97	319	105	38	20	2	5	-8	
32	97	314	103	38	19	4	6	-10	
33	95	309	103	37	17	2	3	-8	
33	95	299	100	37	17	2	2	-6	
33	95	296	98	37	16	2	2	-5	
32	91	292	98	35	16	2	0	-5	
30	87	289	94	33	16	2	-1	1	
30	85	280	94	33	17	2	0	3	
29	85	275	92	33	17	1	-1	-6	
27	82	261	88	30	15	1	-1	-6	
27	77	238	79	26	14	0	0	-5	
21	65	218	72	24	14	0	0	-8	
17	58	190	0	0	0	0	0	0	
0	0	0	0	0	0	0	-1	20	
-1	-5	7	2	0	0	-3	0	4	
0	-3	7	3	0	1	-4	1	-14	
2	-1	9	2	0	0	-4	3	0	
1	-3	9	0	0	0	-4	3	-13	
-1	-5	7	0	1	0	-4	1	-17	
-1	-3	6	1	1	0	-2	0	0	
-1	-3	6	-1	1	2	-3	-2	3	
0	-3	6	-1	0	3	-2	-1	25	
0	-3	6	1	-1	1	-4	-2	-1	
0	-5	9	1	-1	2	-5	-1	-18	
0	-3	9	1	0	3	-5	2	-10	
1	-1	7	1	1	1	-5	0	-18	
0	0	0	0	0	7	-3	0	-1	
11	42	123	30	14	7	-3	-1	0	
15	65	176	47	19	10	0	-1	-1	
26	77	200	55	24	10	1	0	-9	
32	95	245	69	26	11	1	-1	-15	
32	104	268	76	32	14	1	0	-8	
38	117	302	84	33	14	1	2	-1	
42	124	326	91	34	14	1	2	-5	
43	126	334	95	36	18	3	0	0	
42	129	345	96	38	18	4	0	7	
40	132	352	95	42	19	5	2	3	
41	134	355	97	42	19	7	3	-4	
42	133	358	97	41	18	5	3	-3	
43	133	358	98	39	18	5	-1	-6	
40	133	356	98	39	18	5	-1	-5	
40	131	355	98	40	18	5	-2	-5	
43	129	347	96	40	18	5	-1	-6	
43	129	344	96	40	18	5	-1	-1	
43	125	343	93	40	19	7	1	0	
43	123	340	90	38	18	6	1	-3	
43	122	338	91	39	18	4	2	-6	
42	121	328	89	40	18	5	0	-6	
42	121	324	88	39	18	7	-2	3	
42	121	319	87	38	17	6	-2	3	
41	119	317	86	37	18	5	-2	-6	
41	116	311	84	37	18	4	-1	-8	
39	112	303	84	36	15	4	-5	7	
35	108	287	82	36	14	4	-5	4	
36	106	284	81	35	14	3	-2	-5	
32	102	270	75	33	12	3	-2	-5	
31	98	258	68	31	10	2	-4	-14	
32	88	230	64	30	14	1	-3	-14	
28	81	211	52	25	14	0	-3	-17	
4	0	-13	3	-6	0	1	-1	24	
3	0	-11	3	-4	0	4	0	13	
1	0	-8	3	-5	-1	4	3	4	
2	1	-6	4	-6	-2	2	5	0	
4	1	-8	3	-6	-2	3	0	-19	
4	0	-10	0	-6	0	2	0	-8	
0	0	0	0	49	15	6	1	-1	
50	151	421	113	50	16	4	-1	-1	
55	154	442	117	50	20	4	-1	-8	
52	156	449	119	51	19	6	2	-10	
51	159	459	122	52	17	7	2	0	
53	160	461	122	52	18	7	1	-3	
52	160	467	122	51	19	7	1	-2	
54	160	467	121	52	20	7	1	-1	
54	162	468	121	54	19	7	1	-8	
50	163	470	122	54	15	7	4	-6	
51	160	464	121	53	14	7	4	-5	
52	158	459	123	54	15	7	0	-8	
51	156	450	118	53	16	4	0	-5	
52	154	446	113	52	16	6	2	-2	
51	150	435	113	51	15	4	0	-3	
52	148	428	112	51	15	2	0	-5	
50	144	414	108	49	15	6	1	-7	
47	142	408	106	47	16	8	3	3	
45	136	391	102	45	15	5	1	4	
44	134	381	100	44	15	6	3	-6	
44	127	365	95	43	19	6	3	-3	
43	124	356	91	45	17	5	2	-7	
42	119	340	87	42	11	5	2	-10	
41	116	329	84	39	9	5	1	-8	
38	110	304	79	37	9	6	0	-9	
38	107	291	77	35	7	3	0	-2	
33	95	256	67	32	7	3	2	-2	
30	87	236	62	31	6	0	0	0	
3	3	7	-2	6	-4	0	-1	17	
1	3	8	0	5	-3	0	-1	7	
0	3	8	0	5	-3	-1	-1	-5	
0	1	7	-1	7	-3	-2	2	0	
0	7	23	6	10	1	1	3	3	
5	16	48	13	13	-2	0	3	8	
9	19	60	21	14	-1	1	2	3	
17	30	95	39	21	4	3	-1	-1	
18	39	147	59	34	9	4	0	6	
20	56	180	71	39	8	4	3	-1	
28	77	243	95	47	12	4	2	-7	
31	87	273	119	54	13	6	0	1	
34	100	324	129	57	15	8	4	-2	
37	108	358	144	64	20	9	7	0	
37	110	366	150	66	20	6	6	12	
37	113	369	156	66	20	7	6	9	
38	114	370	156	66	19	8	6	3	
39	114	370	154	68	22	9	6	-3	
40	115	370	153	67	22	8	5	-3	
37	113	361	148	62	22	9	5	5	
36	110	351	145	61	19	9	3	4	
36	108	345	141	61	18	10	4	2	
36	105	333	137	60	18	11	3	0	
35	98	318	134	59	18	10	4	-6	
33	95	305	130	56	16	8	2	-5	
34	95	299	126	53	16	7	1	-2	
33	92	285	117	53	16	8	2	1	
34	88	275	112	52	15	7	2	-1	
30	86	266	110	49	15	7	1	-4	
28	82	253	105	49	15	8	1	2	
28	80	247	102	49	13	6	2	-6	
26	80	233	97	45	10	6	1	-3	
25	76	221	95	44	10	4	-2	0	
25	72	209	89	42	10	3	0	1	
25	72	204	84	40	8	4	0	8	
24	69	190	80	40	8	5	0	0	
0	0	6	7	10	1	2	0	23	
0	13	7	6	9	-1	1	3	33	
2	13	11	8	9	-2	1	0	18	
6	14	10	9	9	1	1	-2	1	
5	13	9	6	9	0	0	0	-5	
4	12	11	6	9	0	0	2	4	
34	81	232	93	44	15	6	2	0	
37	90	258	105	49	16	9	2	5	
40	105	306	126	54	17	11	1	1	
42	112	325	134	54	17	9	0	-7	
46	118	353	143	60	19	9	0	-3	
49	118	365	146	62	23	10	0	5	
49	124	382	152	62	23	13	1	2	
47	126	385	153	62	21	13	2	1	
49	126	386	156	64	23	13	2	11	
48	126	383	159	65	22	14	0	4	
46	125	377	157	64	21	11	1	-7	
48	122	374	153	65	21	11	2	2	
47	120	360	150	62	20	12	1	1	
44	117	354	146	58	19	12	2	-8	
41	111	343	140	56	17	12	6	-8	
44	109	335	139	56	19	12	5	-1	
45	104	313	132	54	19	12	3	4	
40	100	302	129	54	14	11	1	2	
40	97	294	122	54	14	11	3	4	
41	93	280	121	52	16	9	4	4	
41	93	272	117	49	13	8	0	1	
37	89	256	106	48	13	10	0	1	
36	86	249	104	48	14	9	2	8	
37	85	241	104	45	12	9	0	11	
36	85	239	103	44	11	10	1	2	
35	81	227	98	41	14	10	2	0	
35	78	222	98	40	14	8	1	-1	
33	77	216	96	39	10	6	1	5	
31	76	213	94	40	8	7	2	3	
30	76	209	92	40	10	8	0	-5	
32	76	206	91	41	13	8	-1	1	
33	74	203	88	41	13	6	-3	0	
33	72	203	87	40	11	5	-2	-2	
30	72	198	86	39	11	5	0	-1	
-3	-13	-11	-9	-7	-2	0	0	21	
9	20	49	23	14	8	-2	-2	10	
14	29	62	27	18	9	-1	-1	5	
16	41	107	44	26	12	2	0	3	
25	52	142	54	29	15	3	3	3	
29	74	206	79	36	19	5	2	14	
32	85	237	92	41	22	5	1	0	
42	103	290	112	50	24	5	2	-3	
45	109	313	119	52	26	5	2	0	
45	114	342	131	55	27	4	2	-2	
46	117	348	136	56	25	4	1	8	
48	121	359	142	58	26	5	1	13	
46	120	362	147	59	25	3	1	5	
45	122	362	147	61	24	4	1	2	
45	122	360	143	61	23	6	0	11	
41	119	353	143	60	23	6	0	11	
41	118	348	142	59	23	5	0	1	
46	118	346	137	57	26	5	1	1	
46	116	338	135	56	25	5	1	0	
42	114	330	132	55	22	2	0	4	
42	111	325	132	55	22	1	0	0	
40	110	316	131	55	22	2	0	0	
39	109	309	128	53	22	2	1	1	
39	103	295	123	54	21	2	1	5	
37	102	285	120	53	20	2	2	3	
35	100	279	119	51	20	3	3	2	
35	98	271	117	51	20	2	3	4	
35	98	268	112	49	19	4	3	-6	
35	95	262	110	47	19	4	3	-5	
35	92	256	110	48	20	3	2	4	
35	88	245	105	48	20	2	5	4	
34	86	238	101	44	17	2	3	-2	
32	80	214	93	44	17	3	0	-6	
32	76	200	89	40	17	2	1	-2	
-11	-14	-10	-12	-8	-3	-2	5	8	
-11	-13	-7	-8	-7	-1	-2	5	18	
48	124	347	170	68	26	11	6	-2	
51	125	357	175	69	26	11	3	-5	
48	127	359	178	69	26	12	2	-8	
48	128	363	182	69	27	15	5	-2	
49	127	363	183	69	27	13	4	-3	
50	127	363	182	69	27	13	3	-6	
48	129	368	181	69	29	14	2	-6	
48	129	368	179	69	30	14	5	4	
47	126	359	177	69	27	13	8	6	
48	124	344	170	67	25	13	7	0	
47	122	333	170	64	25	12	1	-7	
46	116	322	165	61	27	9	1	-14	
45	111	308	154	59	24	11	3	-14	
44	105	288	147	59	22	11	1	-6	
44	104	278	147	57	23	12	4	-2	
44	102	261	141	55	23	12	4	1	
44	98	253	129	53	21	11	3	3	
42	94	240	126	52	21	13	4	0	
41	92	230	120	49	21	13	5	-7	
39	89	226	118	49	20	12	4	-7	
39	88	216	117	48	18	11	1	-2	
36	86	210	114	46	17	11	1	-4	
36	85	209	113	45	17	11	3	-8	
34	83	202	104	42	14	11	1	-13	
32	82	193	100	39	11	10	1	-5	
32	78	0	0	0	0	0	0	0	
-11	-17	-8	-16	-11	-2	-6	0	19	
-9	-14	-5	-10	-6	-2	-2	0	16	
-10	-14	-5	-10	-5	-1	-3	0	12	
51	122	347	168	69	26	14	7	-4	
52	129	365	175	69	26	17	5	-12	
52	131	371	178	70	27	19	6	-17	
53	134	385	186	69	28	18	8	-8	
53	136	391	191	72	30	20	8	-3	
53	138	395	192	73	31	21	8	0	
54	141	398	195	75	29	22	8	9	
52	144	408	196	75	28	22	9	5	
51	143	408	194	74	28	22	9	-1	
55	142	407	194	75	31	22	9	-2	
55	142	403	195	74	30	22	8	-4	
53	140	399	194	73	28	21	7	0	
53	137	393	190	71	30	21	11	6	
53	136	388	188	70	30	21	12	0	
48	132	378	185	70	26	20	9	-3	
48	131	373	183	69	25	19	9	-5	
51	128	361	176	68	27	19	9	-8	
49	123	347	169	67	27	21	9	-8	
46	123	342	167	65	24	21	9	-6	
45	121	328	162	62	22	19	9	-5	
45	119	321	157	61	22	20	8	7	
45	114	307	150	59	22	22	8	13	
44	111	298	150	59	22	21	9	-2	
43	106	278	135	54	21	22	7	-4	
40	101	263	133	52	20	22	9	-6	
39	96	246	128	48	19	17	7	-6	
38	90	224	120	46	19	18	5	-5	
37	0	0	0	0	0	0	0	0	
8	15	45	25	13	10	7	5	-4	
11	35	85	45	21	13	10	6	-4	
12	43	108	56	25	12	10	6	-1	
19	61	164	79	34	15	12	6	4	
26	69	193	90	43	23	18	8	-1	
33	99	290	129	53	23	18	6	-3	
36	103	309	145	56	23	18	11	5	
45	118	353	156	60	28	18	11	-1	
47	122	369	165	64	30	17	10	-3	
47	122	373	168	64	27	16	7	0	
48	122	373	171	64	30	16	4	0	
46	123	368	169	64	30	18	6	-2	
46	122	367	166	64	30	19	8	-3	
47	121	364	164	64	29	19	10	-2	
46	121	361	164	63	28	21	10	-10	
44	117	354	164	61	27	20	9	-5	
41	113	346	163	60	27	18	9	3	
40	112	341	161	60	27	19	11	3	
41	112	341	161	59	26	19	11	2	
40	112	337	159	58	26	20	8	-5	
40	112	333	157	57	23	19	10	3	
39	109	327	156	57	21	18	11	10	
39	108	327	154	57	24	17	8	1	
38	105	320	155	58	27	17	8	0	
35	104	313	151	56	24	18	9	0	
34	102	309	148	52	21	18	8	0	
37	99	296	147	50	21	16	9	0	
37	96	283	137	49	23	16	6	3	
34	88	248	130	47	23	17	5	2	
31	83	231	114	38	19	16	6	3	
0	10	10	19	5	4	6	-1	21	
3	10	11	18	5	5	6	0	19	
5	10	12	18	7	5	6	0	3	
6	10	11	19	7	3	6	-1	-1	
6	9	9	20	7	3	7	-1	-19	
4	9	9	17	7	4	7	-1	-34	
3	9	11	15	7	4	8	-1	-9	
4	9	12	16	8	5	6	0	0	
3	10	12	17	7	5	6	-1	-10	
5	9	12	17	5	4	9	0	-2	
5	8	11	15	4	3	9	2	-9	
4	8	10	14	5	5	8	1	-17	
5	10	10	15	6	5	11	0	-3	
5	10	9	16	5	3	12	-4	0	
3	9	10	16	5	3	10	0	-9	
2	10	8	17	5	2	9	0	-12	
4	10	3	16	5	2	11	-6	-9	
5	10	6	12	4	1	11	-5	2	
4	9	10	12	4	1	10	1	-2	
3	10	10	17	4	2	8	1	-7	
3	10	9	17	3	2	8	0	0	
5	10	9	18	3	2	9	-1	1	
4	10	9	18	4	2	8	0	-25	
4	12	9	18	5	2	9	2	-29	
9	15	14	19	6	4	9	1	-5	
11	22	39	22	8	5	10	0	-3	
13	26	60	27	11	7	10	2	-3	
20	42	114	43	19	11	11	2	-8	
21	53	146	54	22	10	12	3	-3	
27	75	212	77	28	11	10	4	-2	
33	88	248	85	30	12	11	4	-3	
41	109	313	102	37	14	15	5	-2	
42	116	340	111	42	14	15	6	-5	
46	129	380	124	46	17	16	7	0	
48	134	394	127	47	21	17	6	0	
50	138	417	132	49	24	15	3	-4	
52	141	425	134	48	23	16	2	1	
52	145	437	137	49	21	16	3	-1	
52	145	439	140	50	22	15	4	0	
54	146	442	141	50	22	17	6	-2	
54	147	445	140	50	22	17	5	-7	
52	145	447	143	50	22	15	6	-11	
52	145	446	145	51	22	15	8	-8	
53	147	445	144	51	23	16	8	-7	
50	147	441	143	50	19	15	8	-6	
49	146	437	143	50	21	16	10	-3	
50	145	428	140	50	20	15	8	-6	
48	138	423	138	50	19	12	8	0	
47	135	410	133	50	18	12	8	-2	
47	136	403	132	46	16	11	8	-8	
46	129	389	129	44	17	9	8	-8	
45	123	364	117	43	15	8	5	-5	
43	119	344	112	41	12	7	4	-7	
41	104	295	101	37	13	7	3	-3	
37	0	0	0	0	0	0	0	0	
-5	-10	-8	-10	-3	-2	-9	1	44	
-6	-10	-6	-12	-3	-2	-8	1	22	
5	6	5	13	3	0	0	3	19	
5	10	15	15	5	0	3	4	8	
7	13	23	17	5	0	3	4	0	
14	21	46	23	10	7	2	6	0	
17	28	63	31	14	10	3	5	9	
20	44	115	55	18	8	4	1	9	
23	52	179	78	26	9	1	1	2	
32	72	210	89	32	16	3	2	0	
34	81	243	114	40	20	6	2	0	
37	95	297	125	43	20	7	7	4	
39	102	317	141	50	24	9	7	4	
42	115	343	150	53	25	10	4	0	
45	118	353	154	56	25	13	7	0	
49	120	371	155	56	27	13	9	-5	
49	121	377	158	55	27	12	9	-1	
49	121	375	161	55	26	12	9	6	
48	121	374	162	55	26	12	7	0	
48	120	369	160	55	25	10	7	1	
48	119	366	158	55	22	11	7	2	
48	118	359	158	55	23	16	8	2	
48	117	356	156	55	23	15	9	4	
49	115	353	154	54	25	13	8	0	
49	115	349	153	53	25	14	8	-3	
48	113	334	151	52	23	15	8	4	
47	112	328	150	51	23	16	8	6	
43	108	320	144	48	20	13	8	-1	
43	105	315	141	48	18	13	8	-3	
41	104	305	138	49	19	14	8	2	
41	104	302	137	50	19	14	7	6	
43	103	290	132	47	19	14	6	0	
42	99	282	129	44	19	14	6	-2	
39	93	273	125	42	18	14	9	2	
40	93	266	123	41	19	14	9	-4	
40	93	253	115	40	18	14	7	-9	
39	88	236	111	37	15	14	8	3	
36	85	225	109	35	14	13	7	5	
33	76	200	101	31	12	11	5	8	
-7	-11	-11	-11	-4	-4	-3	-4	24	
-10	-11	-11	-12	-5	-3	-1	0	13	
-7	-12	-11	-11	-3	-3	-4	-3	20	
-10	-11	-8	-11	-3	-3	-4	-4	19	
0	0	310	136	53	24	7	5	3	
44	112	330	144	56	26	7	6	4	
45	120	357	156	58	26	8	6	5	
47	122	371	160	60	26	8	7	-4	
49	126	385	164	64	26	11	8	-3	
49	129	386	167	66	25	13	8	5	
49	130	390	170	67	27	12	4	-1	
49	130	390	170	66	28	9	3	0	
49	130	392	170	66	28	8	6	6	
51	131	392	170	66	28	9	5	5	
51	132	391	171	65	28	10	4	0	
48	132	391	170	65	28	10	5	1	
49	130	387	168	64	27	10	6	2	
50	131	385	171	64	26	10	6	2	
48	130	378	166	63	25	9	7	2	
48	127	371	159	61	24	7	4	0	
49	125	356	157	61	24	8	4	0	
50	123	351	155	60	25	8	8	2	
51	119	342	152	60	25	6	8	-3	
50	117	336	150	58	23	7	6	-3	
45	111	317	144	56	23	9	4	-1	
43	108	310	141	56	24	10	4	2	
42	105	297	136	56	23	10	4	15	
42	102	289	133	54	21	8	4	17	
41	97	278	130	51	20	5	4	9	
41	97	272	126	51	20	3	4	2	
41	94	260	121	48	20	2	4	-1	
41	91	252	119	45	20	3	2	8	
39	87	232	113	39	14	4	2	7	
38	83	220	110	38	14	2	3	0	
5	6	11	11	6	5	2	-1	27	
6	6	11	13	4	5	2	2	2	
5	7	11	13	4	5	2	0	0	
4	7	11	11	6	5	2	1	2	
7	10	11	12	6	5	3	4	2	
24	59	169	85	34	17	7	8	4	
32	79	231	110	43	19	7	7	-1	
36	89	282	135	52	23	9	4	-1	
41	99	302	143	57	25	9	4	0	
42	104	333	155	63	26	8	6	10	
47	115	344	160	63	27	9	6	6	
49	118	361	168	64	26	10	4	-4	
48	121	365	171	65	25	10	3	3	
48	121	365	172	67	26	11	4	-1	
49	121	362	172	67	26	12	4	-9	
52	121	361	175	66	27	12	5	-5	
51	120	361	175	65	27	10	4	0	
47	118	352	166	63	27	8	2	-4	
47	115	346	163	63	26	8	2	-2	
48	112	337	159	62	24	9	1	-4	
46	113	337	155	62	24	9	1	-6	
45	113	333	154	61	24	11	4	1	
44	110	327	154	61	22	12	2	1	
45	111	326	151	58	21	10	-1	0	
44	110	320	151	58	21	9	2	1	
44	107	315	151	57	21	8	3	-2	
45	104	309	149	57	21	8	3	1	
45	101	301	146	57	21	11	3	-11	
46	101	295	146	56	22	11	0	-15	
46	100	291	142	55	22	11	1	-4	
42	97	282	139	54	20	9	1	-5	
42	94	277	135	51	17	8	1	-7	
40	91	268	132	52	17	10	3	1	
39	90	264	129	51	15	10	3	5	
36	86	252	128	48	15	7	1	3	
35	84	240	122	46	16	7	3	-7	
35	79	221	111	41	15	9	4	-7	
35	75	209	104	40	12	9	4	-6	
0	0	18	15	8	0	2	0	23	
10	14	18	13	10	0	2	0	0	
10	13	18	13	10	0	1	-1	-3	
10	13	18	13	10	0	2	-1	-1	
12	14	18	14	10	2	3	1	18	
9	12	18	12	9	0	1	0	9	
9	10	18	11	11	0	-1	0	-11	
8	9	17	9	12	0	-1	2	-4	
8	13	19	9	12	0	0	0	0	
8	14	19	9	11	0	3	1	-13	
9	11	18	9	11	0	3	5	-4	
8	12	16	8	12	1	1	6	-6	
9	12	16	8	11	0	0	4	-18	
12	12	16	6	11	0	0	2	-2	
9	12	18	8	11	0	1	4	-2	
9	12	18	10	11	0	0	3	1	
10	14	17	11	12	0	1	2	-18	
10	14	17	11	11	0	1	3	-24	
11	12	20	10	12	1	0	3	-10	
11	13	20	10	12	1	-1	1	0	
11	15	18	11	11	0	1	3	22	
12	15	19	13	12	0	0	1	18	
12	12	19	13	12	0	-2	6	4	
10	11	19	12	11	0	0	7	10	
9	13	22	15	11	0	2	6	0	
10	15	30	19	13	0	2	7	9	
12	25	59	31	18	-1	0	7	8	
16	33	75	38	21	1	2	5	2	
19	48	126	61	30	5	5	4	0	
24	58	159	75	33	7	4	5	-1	
29	79	220	99	41	10	5	7	-1	
36	89	251	112	47	11	9	9	-1	
40	98	310	135	56	14	9	8	-1	
45	112	333	143	60	17	8	8	0	
46	120	350	153	68	21	8	10	-9	
49	129	373	167	69	21	9	10	-11	
50	132	382	172	69	23	11	12	1	
53	136	398	179	71	24	10	12	0	
53	136	402	181	71	22	9	10	-6	
51	136	402	184	70	19	8	10	3	
53	136	402	183	70	20	9	10	5	
53	133	395	180	69	20	8	11	-1	
52	131	388	178	69	20	7	10	3	
51	128	373	173	69	21	8	10	-4	
51	126	366	171	67	20	8	11	-4	
48	121	348	165	65	19	8	10	-6	
45	117	337	159	65	19	7	10	-6	
45	111	311	148	60	19	7	11	0	
45	109	298	144	57	19	7	11	2	
44	103	283	130	52	15	7	9	0	
39	90	249	122	50	15	6	8	-1	
35	83	230	101	43	13	5	8	0	
14	16	18	16	10	3	0	2	25	
13	15	16	15	11	3	1	3	28	
11	13	16	14	12	4	2	7	1	
11	13	18	14	11	4	2	9	6	
11	14	18	13	11	2	2	9	31	
11	15	17	12	11	2	0	9	34	
12	15	17	15	12	3	0	10	21	
14	15	16	15	12	5	0	7	13	
12	15	16	8	9	5	0	1	-16	
11	15	17	10	9	4	0	2	10	
12	15	16	13	9	3	0	5	15	
11	15	17	13	9	1	-3	4	0	
10	17	18	16	9	1	0	6	5	
9	18	17	14	7	1	0	8	28	
7	17	17	11	8	1	0	7	17	
10	16	18	11	10	1	0	7	5	
12	15	18	12	10	2	-1	6	2	
10	16	14	9	11	3	0	6	-15	
10	19	13	10	11	3	0	7	-16	
11	19	15	16	11	3	0	6	-17	
11	17	15	16	11	4	1	4	-1	
10	18	16	15	10	0	0	3	-23	
7	18	16	13	8	-1	0	7	-25	
8	18	17	15	6	0	1	5	1	
10	20	16	16	6	0	1	3	2	
11	22	28	18	11	1	0	4	-6	
11	24	41	23	14	2	0	6	-7	
13	34	71	40	19	5	1	6	-6	
16	42	92	70	32	10	2	3	-4	
22	61	147	84	37	11	2	3	-2	
24	68	199	110	46	16	3	5	10	
36	86	223	121	52	22	3	6	6	
39	94	265	147	61	27	4	9	-3	
40	105	282	158	65	26	8	10	-2	
41	109	295	166	68	27	10	11	1	
42	117	320	178	71	26	9	11	6	
43	120	329	181	75	26	8	9	2	
44	123	338	184	74	27	8	8	-2	
43	127	342	187	76	29	9	9	0	
46	127	341	191	78	31	9	9	2	
46	122	338	191	77	31	11	11	1	
41	121	334	188	75	28	12	11	2	
41	121	325	187	74	26	12	10	2	
44	120	323	183	74	29	10	11	3	
43	118	315	176	71	29	10	10	12	
42	117	313	176	70	29	10	10	11	
42	116	306	174	71	29	11	12	1	
42	116	299	171	69	27	11	11	-1	
44	116	291	162	66	26	11	11	-5	
43	114	287	160	66	26	10	13	-1	
40	109	276	161	65	23	10	11	1	
40	108	272	161	65	23	10	8	0	
37	108	265	159	63	24	10	8	4	
35	106	265	158	63	22	10	8	1	
37	105	259	151	63	21	10	13	1	
38	105	255	149	62	24	10	16	9	
37	103	243	144	60	25	11	11	5	
36	102	235	143	60	25	11	10	13	
34	96	226	138	56	24	11	12	20	
33	90	218	131	54	20	8	11	6	
32	80	188	112	51	19	6	8	1	
31	77	171	102	46	17	0	0	0	
9	20	19	22	10	7	0	8	23	
9	18	18	21	9	5	0	8	7	
10	17	18	20	13	8	0	8	-3	
10	19	15	19	13	9	0	8	-18	
9	18	15	18	9	5	0	7	2	
9	18	15	21	8	5	0	7	11	
12	18	15	20	11	8	0	10	-5	
14	18	15	19	13	7	2	10	-1	
14	18	15	21	13	4	2	9	9	
13	20	14	19	13	6	0	12	7	
9	18	11	19	14	6	0	9	0	
10	18	12	23	14	7	0	11	6	
7	19	13	19	10	4	-1	10	-1	
8	19	14	21	12	4	-1	8	-5	
10	22	21	24	12	6	-3	8	0	
32	86	243	144	54	22	3	10	2	
38	98	262	164	66	25	4	12	0	
39	112	292	172	70	27	8	13	1	
40	118	313	184	73	30	9	14	4	
42	118	323	189	74	29	7	14	3	
41	119	333	193	72	29	7	14	4	
41	119	332	193	71	32	8	12	7	
43	120	327	190	72	32	8	12	1	
44	120	326	190	73	30	9	15	3	
43	120	322	191	73	31	11	15	4	
44	119	317	189	72	32	10	14	0	
45	113	305	180	71	31	9	14	0	
43	111	299	179	70	31	11	14	0	
41	109	290	176	67	28	10	13	-8	
39	106	284	172	67	27	9	12	0	
37	103	267	166	67	27	12	13	2	
37	100	263	164	66	27	11	12	0	
37	97	256	160	62	24	9	12	-4	
37	98	249	155	58	21	7	12	-12	
36	96	245	153	57	21	7	12	-6	
35	93	231	149	56	23	9	13	1	
34	88	217	145	56	23	8	14	11	
34	85	216	143	55	24	8	15	5	
31	84	210	138	54	23	9	15	0	
30	83	207	136	53	21	10	12	0	
31	80	200	134	52	22	10	12	0	
31	79	194	132	51	21	9	11	0	
33	79	189	129	48	19	8	11	0	
31	78	185	124	46	19	8	13	1	
27	74	177	121	45	20	7	13	3	
27	72	176	121	46	20	5	15	11	
28	69	168	118	46	21	4	14	12	
0	0	-17	-26	-11	-2	-3	-13	16	
12	34	63	55	19	5	7	14	-5	
16	48	101	73	28	8	8	14	-3	
18	56	125	96	34	10	7	12	-2	
23	74	178	110	39	11	8	14	-2	
26	82	204	122	50	13	9	18	-4	
31	98	250	146	55	17	10	18	-4	
33	105	269	155	60	21	12	19	8	
36	113	301	169	67	21	13	21	8	
36	115	312	175	69	23	13	20	0	
39	122	326	187	70	24	13	17	0	
40	126	333	192	70	24	13	16	4	
41	128	346	196	71	23	12	19	1	
41	128	347	196	72	23	12	20	-2	
40	131	347	198	73	24	14	19	0	
42	132	349	199	73	24	14	21	-2	
42	130	351	199	72	24	13	22	4	
41	131	351	199	71	25	12	21	9	
41	131	349	198	71	26	13	20	1	
40	129	349	197	72	25	15	19	-5	
36	125	347	197	72	25	12	20	-6	
38	125	344	197	72	27	12	22	1	
38	125	339	192	71	27	14	21	6	
36	125	336	191	70	25	12	21	0	
39	122	332	191	69	25	12	21	4	
40	122	331	191	70	24	13	20	9	
40	122	326	189	70	25	13	20	0	
40	122	324	189	69	26	14	20	-2	
37	120	323	189	69	23	14	20	-1	
36	119	323	187	69	23	14	22	-2	
35	121	323	187	68	23	14	18	-4	
38	122	319	189	68	24	13	16	-2	
37	122	319	188	67	24	13	17	-1	
32	120	317	184	66	22	12	18	-1	
33	119	315	183	67	22	13	20	3	
33	120	314	181	64	21	14	23	2	
32	120	313	180	61	21	13	21	4	
33	116	307	178	61	23	12	21	2	
33	114	302	175	59	21	12	21	0	
30	112	282	166	59	19	12	22	9	
28	107	264	148	54	17	12	21	10	
23	90	217	135	49	14	12	19	6	
19	82	191	120	44	0	0	0	0	
3	19	23	23	10	0	1	14	3	
3	19	23	24	10	0	1	14	-6	
3	20	23	24	9	0	1	18	1	
1	20	21	24	8	-2	1	18	12	
3	21	22	25	8	-2	4	16	-1	
3	22	23	25	9	-3	5	15	-2	
2	22	24	25	9	-3	5	15	-18	
2	20	24	25	9	-4	5	16	-9	
2	21	23	25	9	-4	5	16	3	
2	22	23	26	9	-4	5	19	-8	
3	20	23	26	7	-3	6	19	-11	
2	20	23	25	8	-3	6	15	-3	
1	20	21	27	10	-4	4	14	0	
1	19	22	26	10	-4	4	17	0	
2	19	23	23	9	-6	5	15	9	
3	20	23	24	9	-4	5	15	0	
1	20	21	25	8	-4	5	17	-2	
2	19	19	24	8	-4	5	15	11	
5	19	19	26	8	-2	5	17	11	
5	22	21	26	8	-3	4	17	19	
4	22	22	25	8	-5	4	16	-4	
4	21	21	24	9	-5	5	16	-11	
5	21	21	24	9	-3	3	20	12	
4	20	20	24	8	-3	2	16	-7	
4	21	18	23	9	-4	2	15	4	
4	21	19	22	8	-5	2	16	7	
6	22	20	22	8	-2	4	16	5	
8	23	21	24	9	-1	4	18	-6	
9	25	22	24	9	-1	3	18	9	
7	25	21	24	9	-3	7	18	6	
7	24	21	24	10	-3	7	16	10	
6	21	21	22	11	-4	3	13	3	
6	24	25	23	11	-3	2	12	-2	
8	26	29	28	13	-1	5	16	3	
10	29	41	35	13	0	6	16	2	
11	41	79	58	23	0	4	17	-7	
15	52	120	80	32	5	7	15	-1	
24	73	172	108	40	11	7	15	-6	
28	82	196	122	49	15	7	17	-6	
32	96	260	153	61	16	9	21	6	
36	111	288	180	67	21	12	19	4	
37	116	300	187	72	22	12	19	13	
37	123	316	192	73	22	11	18	14	
41	124	324	197	74	23	12	18	5	
47	125	335	205	75	24	12	18	1	
46	127	339	206	77	24	13	18	7	
44	130	342	207	78	25	14	18	3	
44	131	343	208	77	24	14	16	-5	
42	130	344	208	77	21	13	16	-1	
42	130	345	207	77	21	12	19	0	
42	130	346	211	77	22	12	19	8	
41	132	347	210	77	22	12	20	4	
41	134	346	203	75	21	13	21	-4	
42	133	341	202	75	20	12	17	-1	
42	131	338	202	75	19	12	15	0	
41	128	332	197	74	21	13	16	7	
41	125	331	197	72	22	11	18	4	
41	125	326	196	71	19	12	19	0	
40	125	322	194	71	19	16	21	6	
41	121	310	189	68	19	14	19	2	
40	121	302	184	67	18	12	16	-4	
37	115	291	176	65	16	9	19	1	
37	113	285	173	65	16	9	19	3	
36	111	267	160	64	18	12	17	2	
36	107	261	157	62	17	10	17	7	
33	104	251	157	57	15	12	19	2	
31	101	245	152	57	11	10	19	0	
31	96	236	144	56	9	8	17	3	
32	96	232	143	56	9	8	18	-2	
30	94	224	138	54	10	7	18	-2	
29	94	219	135	51	9	7	17	-2	
29	89	210	130	50	8	7	17	-5	
29	88	207	129	50	7	8	17	0	
27	85	196	121	49	6	7	16	0	
25	82	186	116	47	6	6	16	8	
0	0	0	0	0	9	-3	-16	23	
-4	-27	-27	-23	-13	10	-5	-16	23	
-5	-28	-28	-24	-13	11	-2	-17	-2	
-5	-29	-29	-26	-13	12	0	-17	17	
-6	-27	-28	-25	-14	13	0	-18	47	
-8	-27	-27	-27	-15	10	0	0	0	
7	33	55	28	17	-4	1	14	1	
6	36	70	33	18	-5	1	15	-4	
7	40	103	44	24	-4	2	15	0	
14	53	123	50	25	-1	2	15	3	
17	73	180	68	29	1	3	17	0	
23	83	210	77	34	0	3	16	4	
30	102	263	93	42	3	6	17	1	
34	110	285	101	44	7	8	16	7	
36	121	322	113	48	6	6	16	6	
37	126	337	124	52	7	8	18	1	
40	133	356	130	52	12	8	18	2	
42	134	361	131	53	13	7	18	4	
45	136	369	130	54	10	7	18	7	
45	137	372	133	55	10	8	20	-1	
43	136	371	134	55	11	8	18	-3	
43	134	369	134	55	11	9	18	4	
42	132	367	132	55	9	10	18	13	
42	129	353	128	54	6	8	12	13	
42	129	349	126	54	6	9	12	6	
42	127	344	125	53	10	10	16	3	
42	124	339	124	52	9	7	16	1	
38	120	329	122	50	7	4	14	5	
39	120	324	120	49	6	4	13	16	
40	120	321	117	49	6	5	13	8	
37	118	314	117	49	6	5	13	4	
35	117	311	115	47	5	4	12	7	
35	113	301	111	47	3	1	13	-3	
35	109	290	109	46	4	2	15	2	
32	105	267	103	45	3	4	13	1	
31	100	251	98	41	0	1	10	-9	
25	80	199	82	31	-4	0	6	-2	
4	15	15	13	8	-3	1	6	7	
4	16	15	12	6	-3	1	4	1	
1	17	15	9	6	-7	1	8	27	
1	15	15	9	6	-8	-2	8	35	
47	142	329	101	47	8	7	8	1	
47	145	343	105	48	9	5	8	1	
48	148	349	107	48	9	6	7	8	
49	155	358	111	49	6	7	7	4	
49	156	359	111	49	6	7	10	0	
50	157	361	108	48	9	7	10	0	
51	157	366	108	48	8	7	10	6	
51	157	369	115	48	9	6	10	15	
52	157	367	116	48	12	6	7	14	
54	157	366	113	48	10	6	5	8	
50	157	368	112	48	7	7	8	1	
49	156	367	112	45	6	6	9	-5	
51	155	362	112	49	5	4	8	-6	
53	157	362	112	49	7	5	8	1	
52	158	361	111	47	8	6	7	1	
50	156	358	110	48	5	6	6	-3	
49	152	352	108	47	4	6	8	5	
49	152	351	108	47	7	7	11	14	
49	151	346	107	47	9	7	10	8	
48	149	332	105	46	8	7	11	3	
47	143	328	103	45	7	7	12	0	
47	139	318	101	45	6	8	10	7	
45	137	308	98	45	6	7	9	5	
42	129	296	92	43	6	7	9	5	
42	124	282	89	37	2	5	8	7	
42	120	274	87	37	2	4	8	2	
40	109	248	80	34	0	4	8	0	
37	104	224	72	27	-2	5	8	3	
0	0	0	0	0	0	0	2	33	
1	16	19	10	9	-10	0	3	41	
1	16	19	10	9	-10	0	7	29	
2	16	17	8	9	-9	-1	5	11	
3	15	17	8	10	-9	-1	0	-11	
3	14	16	8	11	-12	0	0	10	
0	15	17	8	11	-12	0	0	1	
0	14	19	6	10	-12	0	4	14	
0	14	19	10	9	-15	0	1	10	
0	16	18	14	12	-16	-1	1	4	
0	14	17	10	12	-13	-1	3	30	
0	13	17	8	10	-12	0	3	9	
1	15	17	9	10	-12	0	3	-12	
2	15	18	9	10	-12	0	3	2	
2	16	18	9	9	-12	0	3	34	
4	20	22	12	10	-12	0	3	29	
4	23	35	16	15	-11	0	5	6	
5	33	65	23	18	-9	0	4	3	
8	39	104	31	22	-7	0	6	-3	
13	56	127	39	24	-4	1	6	-3	
17	78	177	57	27	-2	3	4	3	
27	88	204	62	30	-2	2	5	1	
34	110	251	70	37	-2	1	5	4	
37	119	270	76	40	-2	2	8	1	
42	136	306	88	43	1	4	7	-3	
44	142	322	96	44	0	6	5	0	
44	148	349	101	45	1	6	5	0	
44	152	364	106	46	0	5	5	5	
49	161	373	107	48	0	5	11	14	
50	163	377	107	50	3	5	11	6	
49	163	377	107	49	2	5	7	2	
48	162	382	110	48	2	5	8	2	
50	162	384	110	49	4	5	8	-8	
50	163	382	109	49	3	4	7	-7	
50	163	378	110	49	2	3	8	1	
49	161	373	108	47	5	4	8	0	
48	159	372	106	47	6	4	8	-5	
48	158	369	105	48	6	4	8	6	
48	157	365	105	48	7	4	6	8	
48	152	360	105	48	4	3	6	2	
47	150	357	104	46	3	3	7	5	
45	147	345	100	45	5	3	8	1	
45	145	339	98	46	4	3	9	4	
41	135	320	94	46	3	4	8	6	
36	125	292	86	44	0	6	8	5	
33	120	270	81	43	0	6	8	6	
28	99	214	67	36	-1	7	7	18	
0	0	18	13	16	-9	0	6	17	
-1	14	19	15	17	-9	-2	6	36	
1	15	18	14	16	-9	-5	5	14	
0	16	18	13	13	-9	-4	5	4	
-2	17	17	11	14	-11	-1	5	9	
-2	17	17	12	14	-12	0	4	19	
-1	18	19	12	13	-12	0	5	24	
0	18	20	13	14	-10	-1	6	0	
1	17	19	13	14	-9	-3	5	-6	
0	17	12	12	13	-9	-4	3	1	
0	17	12	12	12	-12	-4	0	22	
-1	17	14	13	12	-14	-4	1	21	
0	19	19	11	13	-12	-5	2	2	
4	23	31	14	14	-10	-4	1	7	
9	32	62	27	17	-11	-4	0	3	
8	35	79	37	23	-10	-4	3	4	
9	48	128	45	27	-8	-4	2	4	
13	60	194	65	34	-6	-1	2	-1	
20	81	230	74	37	-4	-1	4	0	
28	98	294	90	43	0	-1	6	6	
32	108	319	98	45	1	0	5	4	
35	117	356	110	50	0	0	4	-1	
34	121	369	116	54	0	2	6	6	
35	129	385	117	54	2	4	6	7	
37	129	389	119	53	2	3	4	-1	
42	129	389	120	53	2	3	3	2	
42	129	387	121	53	3	4	4	2	
40	128	385	120	52	0	0	4	0	
39	127	383	118	52	1	0	7	-1	
38	125	374	117	53	1	2	9	-1	
36	124	369	116	52	0	1	7	0	
36	122	363	115	51	0	0	5	2	
36	120	358	114	51	0	0	6	2	
35	118	351	112	51	0	0	6	-1	
37	118	350	112	51	0	0	6	-1	
37	116	342	111	51	1	0	6	-5	
35	115	337	110	51	0	0	4	-10	
33	113	328	107	49	0	0	5	-4	
33	112	323	107	47	0	1	5	0	
32	112	311	106	47	0	1	2	0	
31	110	303	102	45	0	1	4	9	
30	104	277	93	44	-2	0	3	11	
26	91	235	83	41	-3	1	0	4	
23	0	0	0	0	0	0	0	0	
0	20	40	22	18	-6	0	2	1	
4	29	56	32	22	-5	-1	3	-2	
7	40	91	52	25	-5	-2	1	-9	
9	46	131	72	34	-4	1	0	-8	
16	63	158	83	40	-2	2	2	-3	
19	72	183	107	48	1	5	3	-3	
25	84	232	115	50	0	4	3	0	
27	90	252	128	57	2	3	3	-2	
31	100	278	137	59	6	5	3	-8	
32	103	287	145	59	7	5	2	-5	
29	106	298	146	62	7	5	2	-3	
29	109	304	149	67	9	5	2	-4	
32	112	316	155	67	9	5	2	-1	
32	112	318	155	67	8	5	3	4	
31	112	319	154	68	8	4	4	2	
35	113	321	156	68	10	5	4	-3	
35	113	325	159	66	10	6	4	2	
36	113	329	156	66	10	6	4	-3	
36	114	329	155	67	11	6	3	-6	
36	114	325	160	67	12	6	0	-4	
35	114	321	159	66	12	5	0	2	
32	112	321	159	66	11	6	3	6	
32	110	319	158	65	11	7	3	4	
34	110	318	155	65	11	7	3	1	
34	107	306	154	64	11	6	6	3	
32	102	287	150	64	10	5	5	14	
29	99	276	144	62	7	5	1	7	
28	92	254	133	58	6	5	2	1	
27	87	241	127	54	3	3	4	1	
24	76	207	108	49	2	4	4	-3	
21	71	166	89	43	0	6	6	-8	
0	13	7	11	14	-8	0	3	16	
0	13	9	11	16	-8	-1	0	4	
1	13	9	10	16	-9	-1	4	5	
0	13	9	9	16	-11	0	7	-20	
0	14	9	11	14	-12	-2	4	-25	
0	15	9	14	13	-12	-2	4	0	
1	16	9	15	14	-10	-2	3	-1	
1	15	9	14	14	-10	-1	5	-24	
0	12	7	13	15	-12	-1	6	-21	
0	10	6	13	15	-11	-1	2	-4	
0	12	12	14	14	-9	2	3	-5	
2	22	34	24	20	-6	3	6	0	
3	28	50	31	29	-3	5	6	-8	
13	42	91	51	32	-2	4	3	-8	
18	56	134	74	40	0	4	3	-4	
20	62	156	83	44	1	7	5	5	
20	76	197	99	49	2	7	7	1	
22	82	213	115	55	3	7	7	-3	
29	91	236	125	58	4	9	6	-3	
31	99	258	137	61	7	9	5	0	
32	101	266	140	63	8	10	5	4	
32	106	282	147	68	8	12	6	1	
32	108	294	150	68	9	15	7	-1	
33	108	297	151	68	9	13	8	1	
33	108	300	153	69	9	11	8	6	
34	108	303	153	69	10	10	9	7	
35	109	304	154	70	10	11	7	-5	
34	108	302	152	70	10	9	7	-7	
36	108	302	151	68	8	9	9	-9	
34	104	293	151	67	7	10	9	-10	
31	101	287	149	66	6	10	8	-3	
32	99	276	144	66	8	9	9	-1	
32	97	270	141	62	7	9	9	-4	
30	93	258	135	60	6	9	9	4	
30	87	240	128	60	5	9	7	8	
28	85	228	122	58	2	8	6	-2	
25	78	202	109	54	0	7	5	-1	
25	74	187	94	48	-1	6	5	-3	
7	15	43	24	19	-7	1	1	4	
8	28	58	31	21	-8	3	1	4	
9	32	73	44	28	-7	5	1	-4	
15	42	108	49	30	-4	4	2	-3	
18	51	128	59	36	0	5	2	3	
23	70	173	75	40	0	6	4	2	
25	79	194	84	43	1	7	10	2	
30	92	234	97	47	3	7	8	1	
35	98	252	102	47	2	5	5	-4	
38	111	283	111	48	3	6	5	-4	
37	114	296	118	52	4	6	6	0	
39	117	317	123	52	3	5	6	5	
39	118	325	124	52	3	4	6	8	
42	122	337	122	52	6	4	7	7	
45	123	339	126	53	7	4	7	7	
44	124	336	126	52	6	6	6	1	
42	124	334	124	51	6	7	7	0	
41	123	331	124	52	5	5	8	1	
42	121	331	124	54	7	6	5	2	
44	120	329	125	54	9	7	5	6	
43	120	322	123	53	7	6	7	6	
41	117	317	121	53	6	4	9	7	
41	114	310	118	52	6	3	10	5	
40	114	307	116	51	8	3	10	1	
37	112	302	116	52	6	4	10	1	
37	109	294	112	52	4	3	8	4	
38	107	287	111	51	4	3	9	2	
37	102	275	109	47	2	4	10	9	
34	99	267	106	46	0	3	8	7	
30	90	237	98	44	0	3	7	3	
30	83	191	80	39	1	1	8	2	
7	10	7	8	8	-8	-2	7	35	
6	11	8	7	11	-9	-2	7	21	
4	12	8	8	11	-12	-4	8	9	
4	13	10	9	10	-11	-4	6	10	
5	13	10	9	10	-9	-2	6	-6	
7	14	15	9	10	-8	-2	3	-7	
8	16	20	14	10	-7	-4	3	3	
9	21	34	19	11	-8	-4	3	8	
11	30	58	23	16	-7	-3	2	4	
15	34	73	26	17	-6	-3	3	-5	
19	52	110	40	23	-6	-4	5	-5	
21	63	130	58	29	-4	-1	3	-8	
29	83	172	66	29	0	0	3	5	
32	100	211	81	36	3	0	5	8	
38	109	227	87	39	1	0	6	2	
43	123	255	96	41	2	0	7	4	
43	126	271	101	42	3	-1	6	4	
45	133	277	104	42	4	-1	5	9	
49	138	286	106	44	5	3	6	10	
49	139	289	106	44	5	3	6	-1	
49	140	291	108	44	4	4	6	0	
49	140	289	106	44	3	3	6	0	
49	138	285	106	44	3	3	7	4	
49	136	282	104	44	4	3	8	5	
46	131	272	102	43	2	1	8	0	
44	130	266	100	42	1	0	7	-2	
46	125	250	95	39	1	0	5	-8	
45	121	241	93	37	0	1	5	-7	
41	114	223	86	36	0	1	3	-5	
40	109	214	79	33	-1	0	2	-1	
36	95	194	74	32	0	-1	4	7	
33	87	179	70	30	-1	-3	5	13	
0	0	0	0	0	0	0	0	23	
1	3	6	8	8	-8	-1	5	36	
36	103	311	92	42	8	7	2	2	
38	109	329	98	42	6	7	0	0	
41	118	356	105	42	8	7	-1	3	
42	122	372	110	45	9	7	2	10	
42	127	379	111	46	9	9	4	8	
44	128	390	114	47	11	9	4	2	
44	130	391	115	47	11	9	2	0	
44	132	392	114	48	11	12	5	1	
44	128	386	114	47	11	12	8	-2	
45	128	383	115	47	12	10	7	0	
44	126	377	114	46	12	10	7	1	
42	125	371	114	45	11	11	4	13	
42	120	356	109	45	10	11	3	6	
39	116	331	102	42	9	10	6	-5	
34	108	317	100	41	8	10	8	5	
32	94	276	88	37	6	10	6	3	
30	77	218	71	30	6	8	5	7	
0	0	0	0	0	0	6	2	7	
5	15	42	13	9	0	3	0	12	
5	19	52	17	10	0	4	0	2	
6	28	74	19	12	0	8	2	-2	
10	34	86	29	17	3	8	1	11	
22	53	121	38	18	7	8	0	16	
29	75	170	57	22	7	8	1	7	
29	84	193	64	30	9	8	1	1	
34	103	240	74	32	10	8	1	1	
39	111	280	88	32	10	8	0	6	
44	123	293	93	33	11	9	-1	-2	
47	132	313	96	38	12	10	-1	-2	
49	135	322	102	40	14	12	1	3	
50	136	333	102	41	13	12	5	9	
50	137	334	102	40	12	8	5	2	
52	138	333	104	40	14	7	0	3	
52	136	333	103	40	14	7	0	1	
51	136	333	103	41	14	7	-1	-8	
49	136	332	106	41	14	9	0	-7	
47	133	327	104	40	14	10	3	0	
46	131	324	99	37	14	9	0	-1	
43	128	306	98	39	13	13	0	3	
43	126	303	96	40	10	11	2	6	
44	122	294	94	39	9	9	2	2	
44	119	288	91	36	11	11	1	1	
42	116	283	91	35	13	10	1	11	
40	112	273	88	35	12	10	-1	9	
36	112	269	86	35	9	9	0	6	
36	109	260	87	33	8	9	0	6	
38	105	252	83	33	11	9	0	5	
37	104	245	80	31	9	8	1	16	
34	98	234	76	30	9	9	0	9	
35	96	225	71	30	9	9	0	3	
28	82	189	63	25	8	9	1	-3	
0	0	0	0	0	-1	4	-3	18	
-1	9	4	5	4	0	5	-3	22	
-1	9	4	5	4	1	2	-3	4	
-3	6	3	6	3	0	-1	-2	22	
-6	6	7	9	4	0	-1	-2	16	
-2	6	14	12	6	4	0	-2	6	
4	10	31	20	9	10	1	0	0	
7	12	34	23	8	9	1	0	0	
6	14	41	23	9	9	0	-2	0	
6	14	45	26	13	10	0	-2	0	
6	15	55	29	15	9	1	-1	4	
8	22	72	35	18	11	2	-1	11	
7	26	80	40	21	11	2	-1	9	
9	31	104	51	24	13	1	0	-2	
12	35	117	57	25	15	2	1	0	
18	44	146	69	27	15	3	1	-1	
21	56	177	81	32	18	4	0	7	
21	60	191	88	32	20	6	3	5	
22	66	206	97	34	19	6	3	5	
22	68	209	99	39	19	5	0	1	
21	71	218	104	41	21	5	0	4	
21	73	230	108	43	21	5	0	7	
21	74	233	109	43	18	5	0	5	
23	77	239	112	44	20	7	0	5	
28	78	244	112	44	22	6	0	12	
29	78	245	113	43	22	6	0	2	
27	78	245	116	42	20	6	0	-3	
28	79	245	115	42	20	6	-1	0	
28	80	251	116	44	21	6	-3	-2	
28	80	254	116	43	22	6	-3	3	
30	82	254	118	43	23	7	-1	13	
27	83	253	118	44	23	8	-2	4	
25	80	251	116	44	22	6	-3	1	
25	80	252	117	44	23	6	0	10	
21	80	252	118	43	22	6	0	18	
22	79	251	117	43	18	5	-1	7	
24	78	247	115	42	19	5	0	1	
22	78	237	112	41	21	7	-1	0	
21	77	235	109	41	20	5	-3	0	
22	76	239	108	42	19	5	0	3	
23	77	239	109	43	19	5	0	3	
22	77	238	110	41	19	5	-1	0	
23	77	236	110	39	18	5	-1	4	
24	77	229	107	37	18	5	0	9	
24	75	227	105	37	18	5	1	5	
23	73	219	102	35	17	3	0	0	
20	72	215	100	35	16	2	0	-2	
17	65	193	94	32	16	2	0	-9	
16	59	171	74	25	14	2	0	-9	
4	-1	-6	2	2	-3	3	0	11	
3	-4	-19	-3	0	-4	3	1	-7	
1	-18	-57	-14	-2	-5	0	2	-6	
-1	-26	-80	-17	-4	-5	0	2	-13	
41	144	453	122	43	23	8	1	2	
41	150	460	123	43	23	8	1	-4	
41	154	471	126	43	23	7	0	4	
44	155	474	127	45	24	7	0	6	
46	158	481	130	44	24	8	0	3	
45	160	485	130	43	22	8	0	0	
46	160	486	130	45	24	9	0	-2	
47	159	485	131	45	26	12	2	2	
46	159	485	131	45	26	11	0	14	
46	159	487	132	44	25	8	0	13	
46	159	487	130	45	25	7	2	3	
48	161	491	131	45	25	7	0	0	
51	161	494	135	45	27	8	0	0	
51	162	495	137	45	27	8	0	4	
49	165	497	135	45	27	9	0	2	
50	165	502	135	45	28	9	1	0	
50	166	514	141	46	27	8	0	0	
48	167	517	142	48	27	9	0	4	
50	171	521	141	49	26	10	0	7	
50	171	524	141	49	26	12	2	6	
49	171	532	142	48	27	11	2	5	
49	171	532	143	48	29	10	3	4	
45	169	523	142	48	28	11	2	9	
45	169	516	139	47	24	9	0	3	
46	160	489	134	41	24	6	-2	2	
43	152	463	126	38	23	4	-4	8	
35	127	379	104	31	19	4	-2	6	
29	107	323	0	0	0	0	0	0	
0	0	0	0	-16	0	-4	0	20	
31	108	307	99	31	20	7	1	3	
36	129	367	116	35	23	8	2	2	
38	140	394	124	43	27	8	3	-3	
44	155	437	136	46	29	9	4	-3	
47	161	467	144	50	29	9	3	2	
52	173	477	147	52	29	8	2	7	
54	178	499	156	53	30	8	2	5	
56	187	512	161	53	30	8	3	2	
57	189	521	164	52	28	6	1	1	
58	193	529	164	53	28	6	1	-2	
58	194	532	166	56	28	8	3	3	
60	194	536	166	56	30	7	2	14	
61	195	540	167	56	32	8	0	7	
60	201	543	171	57	29	10	0	-1	
58	202	543	171	57	28	10	3	1	
58	202	543	171	57	28	10	3	-3	
59	201	548	171	56	28	11	1	-6	
60	202	551	168	56	27	13	3	0	
62	203	551	169	56	27	12	3	2	
59	201	549	171	55	26	11	3	5	
58	200	549	170	55	26	11	4	1	
60	199	547	170	55	30	11	2	-6	
58	198	545	170	53	30	11	2	0	
58	199	544	171	53	29	10	5	4	
60	200	544	171	54	30	10	4	-3	
59	197	538	168	53	30	10	1	4	
58	194	523	164	52	27	11	0	17	
57	189	516	163	52	25	12	1	12	
56	189	511	161	50	25	10	4	6	
56	188	506	157	49	25	8	4	5	
56	185	497	154	47	25	8	4	-2	
54	182	493	154	47	25	9	4	5	
53	182	494	155	48	23	10	2	7	
51	181	493	155	48	22	9	2	6	
53	179	491	152	46	22	9	4	11	
54	179	491	150	45	25	8	3	4	
51	177	486	148	44	27	6	1	1	
52	177	485	148	45	28	6	2	4	
49	177	483	150	46	26	6	3	4	
49	175	479	150	46	25	6	2	9	
50	171	466	144	45	25	5	2	5	
50	169	457	141	43	25	4	1	-4	
46	158	427	132	38	22	4	-1	0	
40	149	405	126	33	20	4	-1	9	
28	123	335	104	28	17	4	-1	9	
22	0	0	0	0	0	0	0	0	
-10	-4	-5	-7	-10	0	-2	0	16	
-11	-4	-5	-7	-10	0	0	0	14	
-10	0	3	0	-5	2	1	-3	10	
-7	3	17	6	-3	3	4	-2	8	
-4	15	55	25	4	5	3	-3	7	
-1	23	81	37	10	7	4	-3	10	
5	43	145	65	18	10	3	0	7	
10	54	181	81	24	13	4	1	7	
20	79	253	112	37	21	9	2	6	
24	92	286	126	41	22	10	2	9	
32	111	349	155	50	24	10	3	9	
35	121	377	169	56	26	13	4	9	
38	135	424	190	65	29	14	3	3	
38	139	441	198	67	30	13	0	2	
43	149	466	208	69	30	14	1	10	
43	151	478	214	72	30	14	4	6	
43	155	493	220	77	31	16	4	0	
48	158	499	221	77	32	18	2	1	
49	160	515	225	77	33	18	2	7	
50	165	521	226	78	34	18	3	0	
48	167	526	231	78	33	17	4	-1	
44	168	525	233	78	32	17	4	5	
47	169	531	233	79	33	19	6	8	
52	172	533	234	80	34	21	7	15	
50	170	528	234	81	36	21	5	10	
49	167	526	232	81	36	18	4	7	
49	168	524	232	80	35	19	4	5	
50	171	525	232	79	35	21	4	7	
52	171	528	233	79	35	20	3	7	
51	171	530	234	79	30	18	3	0	
51	171	529	233	79	31	16	4	2	
52	169	524	232	79	34	16	4	7	
52	169	521	233	78	35	17	5	0	
52	169	520	232	78	35	17	4	-2	
51	166	514	228	77	33	17	1	5	
51	165	512	227	77	32	17	1	6	
49	164	510	228	80	33	18	4	5	
49	164	509	228	79	34	19	4	5	
48	163	504	226	75	34	18	1	4	
45	163	504	227	74	31	16	2	3	
45	164	506	225	75	31	18	4	1	
48	164	503	221	75	33	18	4	0	
48	160	493	212	71	30	17	5	0	
46	154	477	202	67	29	12	0	1	
38	134	412	169	55	24	11	-2	0	
32	120	365	148	47	16	9	-3	-1	
10	6	6	6	9	0	-3	6	18	
10	3	2	4	9	-1	-3	6	-5	
3	-11	-32	-7	5	-3	-4	6	-3	
0	-31	-86	-20	0	-5	-4	4	0	
0	0	0	0	0	0	0	7	10	
66	224	603	168	57	28	17	6	3	
66	224	605	168	57	27	14	3	4	
71	226	611	170	57	28	11	5	9	
72	228	612	171	57	28	12	6	9	
69	228	613	167	57	25	15	6	3	
69	228	612	165	57	25	15	6	4	
71	227	605	167	56	26	12	7	3	
70	227	595	164	57	27	16	7	10	
68	224	591	161	57	27	18	7	11	
66	220	586	160	55	25	14	4	4	
65	215	579	157	54	27	12	4	5	
65	213	573	157	54	27	14	4	4	
62	209	558	153	53	25	14	6	-3	
62	208	554	151	52	25	13	8	2	
59	206	545	152	49	23	11	6	7	
58	204	539	152	49	24	10	4	2	
56	201	528	148	49	24	11	5	0	
56	199	521	146	47	23	10	4	6	
59	195	513	144	46	24	10	3	7	
57	192	509	142	46	24	11	3	3	
55	190	500	139	46	21	12	5	3	
57	191	499	139	46	20	12	5	1	
57	189	495	138	46	18	12	5	3	
57	189	492	137	46	20	13	7	7	
56	191	489	133	46	23	14	6	7	
54	191	484	132	46	20	12	6	4	
51	180	462	130	43	18	10	5	2	
47	170	442	120	40	17	10	4	5	
37	139	357	92	29	14	5	1	1	
0	0	-2	-5	-5	-2	4	-4	17	
-11	0	-3	-5	-6	-2	5	-2	0	
-1	34	97	33	10	8	5	0	13	
5	47	136	39	15	8	5	0	10	
10	62	176	54	19	9	6	0	5	
12	69	195	63	19	10	6	0	6	
15	81	233	78	25	13	8	6	6	
17	86	254	83	27	15	7	6	7	
22	97	290	96	31	18	6	3	0	
24	103	312	101	35	19	9	3	-9	
27	112	323	104	37	17	12	7	2	
27	114	334	113	40	20	12	8	11	
27	114	338	115	40	21	13	8	9	
29	119	349	117	42	19	13	6	17	
29	121	354	118	43	19	14	6	18	
27	121	354	116	42	19	14	4	5	
27	119	353	116	41	19	14	3	6	
27	120	354	117	40	19	14	5	5	
29	122	352	118	40	19	16	3	2	
28	121	351	118	39	18	15	3	2	
27	120	346	118	39	16	12	3	5	
28	120	344	118	40	17	12	2	8	
29	119	343	116	40	20	12	2	4	
29	119	341	117	39	20	12	3	6	
28	115	337	116	38	19	12	3	19	
27	113	332	113	34	18	13	3	17	
24	111	323	107	34	17	16	5	12	
23	111	320	107	34	16	14	4	16	
26	110	312	107	36	18	13	0	11	
24	108	305	102	33	17	13	2	9	
25	104	296	99	31	17	13	1	4	
25	100	286	98	28	16	14	1	7	
16	85	241	85	22	13	12	1	11	
-14	0	-3	-2	-8	-3	4	-5	27	
-14	0	-3	-2	-9	-1	4	-6	18	
3	60	172	55	13	8	9	-3	7	
8	72	209	69	18	11	11	-1	10	
17	95	279	92	26	13	10	-1	13	
17	104	307	99	28	15	14	0	19	
25	120	360	116	36	16	16	2	17	
30	127	385	129	43	21	17	2	8	
36	139	425	139	44	24	17	1	13	
42	151	460	154	50	27	15	5	15	
41	156	473	155	50	25	17	6	10	
41	161	486	158	49	22	17	4	11	
41	161	489	158	51	25	17	4	9	
41	162	492	158	51	26	17	4	6	
41	163	494	159	51	25	18	6	17	
41	164	495	159	52	25	20	4	13	
43	162	495	158	51	23	18	5	7	
43	159	491	155	53	24	17	5	5	
40	160	479	154	53	24	22	5	8	
39	158	474	154	52	23	22	5	6	
40	152	463	149	48	22	16	3	6	
40	151	458	143	44	19	16	1	10	
34	147	445	142	44	17	18	0	8	
34	147	440	141	45	20	19	1	7	
34	146	436	143	46	21	19	2	8	
34	144	432	142	46	18	16	2	5	
36	142	422	137	45	20	16	3	11	
34	140	416	136	45	21	18	3	8	
32	135	404	132	42	20	18	5	3	
32	132	395	128	41	20	17	5	9	
32	124	372	121	39	18	15	2	10	
25	121	360	118	38	17	15	2	12	
22	116	347	114	34	17	15	1	19	
20	108	316	106	32	17	14	1	15	
18	103	294	97	31	16	13	3	10	
0	0	0	0	0	1	6	5	1	
-9	14	40	11	1	1	6	5	4	
-9	21	67	20	8	3	8	7	10	
-2	26	84	28	11	3	7	7	18	
3	41	121	50	17	6	8	5	18	
2	50	144	60	20	7	12	7	12	
8	65	195	80	29	10	12	9	8	
12	74	222	93	40	16	14	9	4	
16	91	275	118	46	18	13	11	13	
18	107	321	139	54	21	13	10	11	
24	116	343	148	56	22	16	9	5	
28	128	383	164	61	25	17	9	5	
29	132	399	170	62	25	17	10	14	
31	139	423	182	67	26	17	10	18	
33	147	438	193	69	28	17	10	8	
34	149	441	195	70	28	18	10	5	
34	150	449	196	72	29	18	9	1	
36	151	452	197	72	29	17	9	5	
38	151	451	196	72	29	16	9	8	
37	150	447	198	71	27	15	9	8	
34	150	442	196	70	27	15	10	7	
31	144	430	189	70	29	15	12	15	
30	140	420	180	65	24	14	9	15	
30	133	392	174	61	24	15	7	6	
29	128	363	160	54	24	16	7	2	
24	116	344	151	53	23	15	6	-1	
23	104	302	130	47	21	13	8	6	
18	97	279	117	44	19	12	10	6	
0	0	0	-8	-7	0	1	1	41	
-13	0	-2	-8	-6	0	0	0	39	
-1	30	67	23	7	5	3	4	8	
3	45	105	31	9	5	3	5	11	
10	65	156	48	15	9	5	6	16	
12	77	183	57	17	8	4	2	9	
18	100	240	71	22	12	5	2	0	
20	109	268	82	29	16	9	5	5	
30	125	311	92	31	16	8	5	10	
34	135	338	102	34	16	8	5	12	
34	140	350	102	36	16	11	4	9	
35	145	373	109	39	19	10	6	7	
37	153	395	114	40	21	10	7	-1	
42	158	404	118	41	21	13	7	-3	
43	163	411	123	42	21	13	7	6	
42	164	412	124	42	20	11	7	9	
44	166	418	124	42	20	11	7	9	
44	165	420	123	42	19	13	7	9	
44	165	419	123	43	21	13	11	16	
43	163	413	124	42	22	12	11	14	
42	160	405	120	40	21	11	9	13	
44	158	405	123	39	21	11	10	5	
43	158	403	123	37	20	13	10	7	
40	158	398	121	37	20	15	11	18	
38	151	390	119	37	19	15	10	12	
38	147	384	115	34	18	14	9	0	
37	142	366	109	34	18	11	11	5	
34	136	342	101	32	18	11	9	11	
33	130	330	97	30	17	11	11	7	
30	120	297	89	27	17	10	9	8	
28	114	275	75	25	14	9	1	17	
22	98	231	67	23	11	11	1	21	
0	0	0	0	0	7	4	4	17	
-4	12	3	-1	-3	6	2	6	34	
-4	14	4	0	-3	5	2	2	32	
-5	14	5	-1	-5	5	2	0	11	
-4	15	5	-1	-5	5	2	2	7	
-5	14	2	-4	-4	6	3	2	18	
-7	13	0	-6	-4	6	5	5	9	
-6	11	1	-5	-5	7	5	6	1	
-4	11	2	-3	-5	9	6	5	5	
-3	14	4	-1	-4	7	6	5	5	
-3	14	5	-1	-3	8	5	8	21	
-2	13	6	-2	-3	6	4	7	8	
-2	12	4	-2	-5	4	4	2	-4	
-2	12	4	-3	-2	5	4	2	0	
-2	12	4	-3	-3	7	4	3	-9	
-3	13	3	-3	-3	7	6	3	12	
-4	14	1	-4	-3	6	7	0	18	
-4	12	2	-2	-3	7	7	0	0	
-3	13	4	-1	-3	7	5	2	9	
-4	12	4	-1	-2	7	4	4	35	
-1	12	3	-2	-1	8	7	3	22	
-1	12	3	-3	0	11	7	3	2	
-4	12	0	0	0	0	0	0	0	
0	0	0	0	0	7	7	2	7	
9	58	121	32	13	11	7	4	4	
15	85	193	51	20	15	7	4	1	
24	97	227	58	24	15	9	3	4	
31	121	293	75	30	19	12	3	7	
34	134	324	85	33	21	14	4	1	
43	157	378	102	39	23	16	5	11	
46	165	404	108	41	24	15	6	12	
53	177	452	120	44	22	14	7	4	
54	182	483	127	47	22	14	7	5	
55	191	490	130	49	24	15	6	8	
57	196	510	134	51	26	15	3	2	
57	199	520	135	50	26	14	3	-2	
57	202	527	141	51	24	16	3	0	
57	201	526	141	51	27	18	3	11	
54	197	525	141	51	23	17	6	14	
54	197	524	142	51	21	17	7	11	
54	197	523	141	50	22	17	6	6	
52	195	514	139	47	23	17	6	9	
52	191	506	135	44	23	15	6	13	
49	183	490	130	43	22	15	6	5	
49	182	483	127	43	21	14	4	0	
49	177	466	125	42	21	15	6	1	
47	171	445	121	40	22	17	7	1	
42	167	436	119	41	20	16	8	8	
40	159	419	114	42	18	16	10	14	
41	157	407	110	42	20	15	5	6	
37	149	374	97	35	19	15	4	5	
34	140	352	91	30	16	12	5	9	
27	113	282	74	22	13	9	5	5	
-9	10	-4	-3	-7	1	4	5	29	
-8	9	-2	-1	-6	0	4	5	16	
-6	11	-3	-3	-6	0	2	3	5	
-6	11	-3	-4	-6	2	2	4	36	
-7	10	-2	-5	-7	1	2	6	39	
-7	11	-4	-5	-8	0	2	5	1	
-3	11	-6	-5	-8	1	4	4	-6	
-5	7	-6	-5	-8	0	4	2	20	
42	149	447	185	65	28	15	6	12	
43	161	485	199	70	31	15	9	8	
48	165	498	203	71	32	17	10	2	
48	170	517	208	74	32	18	10	0	
48	174	523	212	74	32	17	9	-9	
52	179	530	219	76	33	17	8	-6	
52	179	533	217	74	34	16	9	-2	
50	179	532	218	73	33	16	12	6	
49	176	524	218	73	33	17	9	14	
52	175	522	213	76	34	18	10	10	
49	176	519	209	76	33	18	14	6	
47	174	509	207	72	33	18	15	4	
48	169	502	207	71	33	18	14	0	
49	165	487	202	70	32	18	10	-4	
49	162	480	196	70	31	16	8	-2	
46	157	458	189	67	31	15	9	1	
41	154	446	187	62	25	15	8	1	
42	145	421	176	61	25	15	8	1	
42	137	397	167	57	28	17	8	6	
36	130	384	164	55	24	14	8	4	
33	125	357	153	54	24	12	9	4	
31	125	346	149	53	23	12	9	11	
30	124	333	145	51	23	12	9	5	
31	123	333	146	51	24	14	10	-1	
33	121	333	145	51	25	12	11	6	
32	119	327	142	50	25	12	11	8	
29	116	323	141	50	25	12	13	13	
30	112	310	135	50	26	12	14	12	
29	110	283	125	44	22	13	13	5	
-7	19	3	-4	-1	1	6	5	41	
-4	18	3	-4	0	2	5	6	23	
-2	18	4	-5	0	1	5	5	10	
-1	18	4	-6	-1	3	4	3	-4	
-2	17	4	-6	-2	3	1	7	-7	
-4	17	5	-6	-3	0	5	7	12	
-5	17	2	-6	-3	0	7	4	11	
-6	17	1	-5	-2	3	3	0	-16	
-5	17	8	-5	0	1	4	5	-13	
-3	20	20	-1	1	0	6	9	11	
1	26	63	12	6	6	6	4	5	
7	46	91	21	11	6	6	2	-1	
12	69	158	44	20	11	5	3	3	
18	82	200	58	29	15	5	3	7	
29	110	287	86	35	15	9	7	5	
33	136	359	107	45	20	13	13	7	
41	147	383	113	48	24	15	11	4	
47	163	424	125	52	25	17	10	3	
49	171	460	138	55	26	19	11	5	
52	174	473	140	55	31	18	12	8	
53	179	489	144	56	31	18	11	5	
51	179	487	147	55	28	16	9	7	
51	179	484	147	55	28	16	10	4	
51	175	480	144	55	27	16	13	3	
51	174	476	142	55	26	15	13	1	
50	172	469	139	55	25	16	14	6	
47	170	459	136	53	25	16	14	10	
47	168	453	136	53	27	16	12	8	
48	165	447	136	53	25	16	11	10	
47	163	438	132	52	22	16	11	9	
45	161	434	130	51	22	16	12	22	
45	158	424	125	50	24	16	13	14	
44	156	415	122	50	22	15	10	6	
45	153	405	118	49	22	14	10	3	
46	152	400	117	50	25	15	13	16	
47	151	398	119	49	24	15	13	11	
46	151	394	118	49	23	15	10	7	
43	149	386	117	48	20	15	9	9	
41	144	385	117	48	20	15	12	9	
43	146	382	113	50	21	15	13	9	
45	147	382	113	50	22	15	13	7	
44	146	381	113	48	22	16	13	8	
41	145	377	111	47	21	16	11	4	
41	144	377	110	47	20	16	12	8	
42	145	377	111	47	20	15	12	10	
41	144	374	109	47	20	15	11	8	
42	141	371	109	46	21	17	10	9	
42	141	370	109	48	21	18	13	9	
41	141	369	108	49	21	18	13	12	
40	139	368	108	48	20	18	12	10	
41	138	366	105	46	18	17	13	4	
41	136	355	105	44	18	17	13	12	
38	132	337	99	44	17	15	11	13	
40	126	319	93	42	16	15	9	2	
32	103	252	74	32	12	11	10	5	
0	17	14	-2	3	0	3	8	12	
0	20	15	-1	3	0	4	8	9	
0	20	14	-1	5	0	3	4	9	
0	17	15	0	4	-1	0	6	2	
0	18	15	0	1	0	2	7	-1	
0	18	14	-1	1	-2	1	4	-4	
0	17	15	-1	2	-2	0	4	5	
0	18	15	0	3	0	1	7	26	
0	19	15	0	1	0	1	7	18	
0	23	26	2	2	0	2	7	5	
0	25	38	6	6	0	3	7	12	
5	37	73	17	10	1	3	6	5	
8	44	98	35	14	1	1	5	6	
13	63	160	43	18	2	1	5	5	
19	87	233	67	30	6	4	6	12	
23	99	272	78	35	7	4	5	10	
29	120	338	96	41	7	4	8	14	
31	126	380	112	46	14	7	11	13	
35	135	394	117	51	16	7	9	12	
39	143	425	127	56	16	10	9	10	
42	148	438	133	56	15	10	7	10	
41	151	454	134	56	13	8	7	5	
41	153	456	136	55	14	7	7	10	
44	154	455	137	55	17	7	7	10	
43	154	453	137	55	18	8	7	13	
42	152	449	136	55	17	8	6	14	
43	151	445	136	55	19	7	7	14	
44	152	442	133	56	19	11	8	11	
42	152	444	133	57	16	12	9	9	
41	148	444	131	56	16	10	10	12	
41	148	442	130	57	17	8	9	11	
41	149	442	130	57	18	10	10	7	
41	151	443	132	57	17	10	11	10	
41	151	443	132	58	17	8	10	18	
41	150	441	132	59	18	9	10	22	
41	150	441	132	57	18	11	9	15	
44	150	436	133	56	21	11	9	9	
43	150	429	132	56	20	12	11	7	
41	147	427	128	54	18	10	10	7	
42	144	421	125	53	16	8	9	8	
40	142	410	122	52	15	8	7	4	
39	141	404	119	52	16	9	5	8	
38	135	384	116	51	16	11	8	18	
37	132	372	115	48	16	11	10	11	
33	126	344	107	47	15	10	7	3	
29	111	290	90	41	10	6	6	4	
24	99	253	76	35	5	4	0	0	
0	0	0	0	0	0	0	4	21	
2	18	26	1	7	-2	0	2	12	
3	26	46	8	13	1	1	4	1	
11	48	106	26	18	3	2	5	3	
15	75	191	53	27	6	0	5	6	
25	91	237	69	33	8	2	7	3	
37	125	330	96	46	14	6	7	-1	
42	141	409	122	59	18	8	8	0	
52	165	441	132	62	18	8	10	4	
55	178	485	146	64	21	9	10	9	
56	184	500	153	67	25	13	8	6	
60	194	520	160	69	24	14	10	5	
60	194	521	160	70	24	13	10	8	
60	192	520	160	69	24	11	10	5	
60	190	516	159	69	24	12	10	0	
60	186	510	157	69	24	12	10	6	
59	184	501	152	69	24	11	10	4	
56	184	496	150	68	23	11	11	5	
55	183	486	150	69	24	13	12	4	
55	182	483	151	70	26	14	12	6	
54	180	474	148	67	25	12	10	4	
53	177	469	146	66	25	11	10	6	
53	174	459	143	62	24	11	9	8	
51	173	456	139	61	21	10	9	5	
51	171	451	139	62	20	10	10	5	
53	166	448	139	62	22	7	10	8	
51	164	438	135	60	23	6	10	0	
50	164	431	133	60	23	9	10	-3	
50	161	422	131	59	19	9	9	2	
49	157	415	132	58	20	9	10	5	
46	150	394	126	57	20	9	9	5	
44	148	374	119	52	16	7	6	0	
44	143	365	117	51	15	7	8	7	
41	134	339	111	50	15	5	9	8	
38	127	321	106	47	14	4	6	7	
34	112	275	88	40	12	3	6	4	
3	17	13	-2	8	3	4	1	19	
3	19	12	-2	7	4	7	3	30	
3	18	12	-2	6	5	6	7	18	
1	15	12	-2	6	3	4	5	4	
1	16	17	-2	6	2	4	7	3	
2	19	27	1	8	3	3	8	11	
2	21	36	3	9	5	3	8	7	
7	32	73	12	11	5	4	9	4	
9	40	94	27	18	7	4	8	5	
12	59	144	38	23	10	4	8	3	
21	81	208	60	31	13	7	11	1	
25	89	242	71	32	15	7	11	11	
31	109	307	92	41	18	6	11	10	
38	120	363	110	49	21	7	12	7	
45	137	390	118	52	24	10	12	3	
47	153	436	128	56	26	11	11	4	
48	158	453	133	61	27	12	9	4	
53	170	477	142	64	28	14	12	16	
53	174	489	143	64	28	14	13	14	
54	174	496	145	64	27	12	14	10	
57	178	508	152	65	28	13	17	12	
58	178	508	154	65	31	16	14	14	
58	179	505	155	66	31	18	10	12	
58	179	504	154	66	27	17	9	7	
57	177	504	150	64	25	14	12	5	
56	178	499	148	64	27	14	13	5	
55	176	493	145	65	31	15	12	13	
55	170	490	145	62	29	14	11	20	
54	168	478	143	60	28	13	11	15	
53	168	469	141	59	28	15	11	11	
50	161	452	138	58	25	12	10	20	
52	156	445	136	55	25	8	7	19	
55	154	432	133	53	26	9	5	14	
52	149	417	126	51	22	8	8	12	
48	146	405	120	51	21	6	7	11	
48	140	385	117	51	22	5	6	11	
46	137	368	113	48	20	5	9	20	
45	131	356	108	45	19	6	9	11	
40	122	325	97	43	18	6	8	11	
39	114	306	91	39	18	6	9	21	
0	15	21	0	1	7	2	5	35	
2	15	20	-1	3	7	1	3	22	
2	15	20	-2	4	7	1	1	4	
0	15	19	-2	3	6	0	-2	-9	
2	17	19	-2	4	6	2	-1	16	
2	19	21	0	5	5	4	0	37	
2	18	25	2	4	6	1	0	27	
5	24	50	13	9	9	1	0	9	
6	33	72	24	14	9	4	2	12	
10	52	124	48	24	10	5	5	13	
18	62	154	63	29	13	6	3	10	
22	74	219	94	41	20	8	3	9	
28	96	250	108	47	22	11	7	5	
36	116	307	131	56	26	13	9	11	
38	121	333	147	61	34	13	8	18	
40	138	377	171	70	37	14	8	12	
43	147	394	181	76	37	16	10	9	
50	154	418	185	79	36	16	10	5	
50	157	430	190	79	36	16	10	8	
49	159	432	194	80	36	17	10	18	
49	157	427	196	80	36	16	9	16	
48	154	422	190	78	36	14	8	10	
44	150	416	183	78	32	14	10	9	
45	148	406	179	74	30	14	12	10	
46	146	401	180	73	32	14	8	9	
42	141	392	177	72	32	14	6	10	
42	139	385	173	72	31	13	8	17	
44	138	375	168	71	30	12	8	11	
44	136	367	166	70	30	14	9	4	
41	134	362	163	69	30	14	8	6	
41	130	351	156	66	30	12	7	11	
42	127	344	154	65	30	13	7	9	
40	122	332	151	64	31	15	7	8	
36	121	328	144	64	30	14	8	12	
36	121	322	142	63	29	14	10	9	
36	120	316	138	61	29	12	10	10	
35	118	310	137	60	27	10	9	5	
34	115	294	135	60	26	13	8	7	
34	112	283	123	53	25	12	5	10	
29	98	246	112	47	23	7	3	0	
63	188	475	144	65	30	17	10	8	
67	202	515	154	71	33	17	9	8	
67	208	532	159	74	33	16	9	11	
70	220	559	171	75	33	16	12	16	
72	220	564	175	75	34	14	12	10	
74	221	567	172	75	33	15	11	7	
75	223	571	171	75	33	20	10	11	
71	225	577	174	75	33	22	9	12	
70	224	577	174	74	32	20	9	10	
69	219	566	174	75	32	20	12	10	
68	216	555	171	75	33	19	13	11	
67	211	550	167	75	33	19	11	14	
66	205	534	163	73	30	18	8	12	
65	203	525	158	71	29	15	9	6	
62	199	514	156	70	30	15	11	11	
61	195	499	153	69	30	15	10	11	
61	197	494	150	66	31	18	10	11	
60	191	482	146	66	30	18	8	12	
58	186	468	143	65	29	16	6	15	
58	184	464	140	64	30	20	7	9	
56	180	453	137	62	28	20	6	10	
55	176	448	136	62	29	15	6	8	
55	170	437	132	62	28	12	7	9	
55	167	431	129	62	27	13	7	7	
55	163	415	129	60	28	16	7	9	
55	157	392	122	58	25	14	7	5	
47	151	377	116	57	23	14	8	7	
44	134	332	104	53	24	17	7	11	
38	121	297	95	49	0	0	0	0	
1	18	22	6	10	1	1	1	11	
4	19	23	5	12	4	2	3	0	
6	19	23	6	14	7	4	3	-12	
5	21	22	6	14	7	6	3	6	
5	21	23	8	11	4	5	5	39	
4	21	22	8	11	4	5	3	5	
4	20	22	6	12	4	5	2	0	
4	19	23	6	12	3	2	2	5	
6	21	23	8	11	5	0	2	15	
6	21	24	7	10	4	0	0	25	
3	21	24	7	10	4	0	0	9	
3	30	48	15	12	7	0	2	-1	
7	39	111	34	20	9	3	5	5	
18	66	158	47	27	11	8	4	6	
36	113	293	87	43	19	10	6	8	
44	139	372	133	62	31	15	11	14	
59	188	520	153	70	35	17	12	14	
69	226	632	186	82	41	19	13	3	
81	234	670	200	89	43	16	16	6	
85	248	713	216	94	42	16	16	11	
86	256	725	214	93	42	20	15	1	
86	259	736	215	92	43	20	15	0	
84	259	735	219	93	43	20	13	6	
83	258	728	217	94	43	20	11	5	
79	258	727	218	93	43	20	12	7	
78	256	725	220	93	40	20	12	21	
80	254	724	219	93	40	20	14	21	
82	252	716	211	91	40	20	14	10	
83	248	699	209	89	42	20	13	9	
82	246	692	208	89	41	20	13	8	
80	246	691	209	90	40	15	11	9	
78	246	686	210	90	41	18	10	13	
77	244	681	204	89	40	20	10	6	
76	234	660	203	87	40	18	13	5	
75	229	644	196	87	41	19	13	9	
72	219	611	192	86	39	18	11	14	
69	213	564	179	76	35	18	9	14	
64	194	528	169	72	34	18	7	12	
59	178	480	132	58	28	15	6	10	
0	0	0	0	0	0	0	-2	18	
0	-12	-13	-1	-5	-2	0	0	20	
0	0	0	0	0	4	2	1	31	
0	5	1	-2	5	5	1	1	31	
1	0	0	0	0	0	0	0	0	
0	0	0	0	0	0	0	0	17	
2	-2	0	2	-1	-5	-2	0	-11	
3	4	4	2	5	7	6	6	30	
0	0	0	0	-1	-4	-1	-2	17	
-2	-2	0	-2	0	-3	-1	-4	36	
3	2	1	2	4	6	1	-2	20	
0	0	0	0	0	0	0	2	20	
-6	-2	2	0	-3	-5	0	-2	19	
-6	-2	3	0	-2	-5	-1	-2	-19	
-4	0	3	-1	-3	-4	0	0	-18	
3	3	-2	3	4	6	0	-1	23	
2	3	-2	3	3	6	0	4	0	
-4	-4	7	-3	-1	-7	0	1	-12	
-4	-3	6	-3	0	-2	2	0	-32	
-3	-2	4	-3	1	-2	3	-1	-7	
0	0	0	0	0	0	0	0	27	
0	0	0	0	0	0	0	1	22	
5	3	-7	-3	1	3	0	-1	5	
3	3	-7	-1	0	3	0	-2	-4	
2	4	-8	-1	0	3	3	-2	1	
2	3	-8	0	0	0	0	0	0	
