0	0	0	-3	0	1	1	1	18	
0	4	-8	-3	0	1	1	0	24	
-2	1	-5	-3	2	2	3	2	32	
1	1	-4	-1	2	3	4	5	30	
0	0	0	0	0	0	1	6	31	
-1	1	-5	-1	3	0	1	3	33	
1	1	-5	0	4	0	1	2	3	
-1	1	-5	0	4	1	1	2	-3	
0	0	0	0	1	5	4	6	25	
-2	-2	-4	0	2	6	5	8	21	
-2	-2	-5	0	4	7	3	7	0	
0	0	0	0	0	0	0	5	27	
1	-4	-1	1	3	3	1	6	45	
0	-4	0	0	3	3	0	5	25	
0	0	131	328	111	42	19	14	9	
14	55	137	347	116	45	19	14	10	
17	59	147	374	121	46	18	13	7	
18	58	147	383	122	48	19	13	8	
17	58	148	394	125	49	22	16	6	
18	60	151	399	127	52	23	16	7	
18	61	153	408	129	54	23	16	12	
17	62	152	409	130	48	22	15	12	
16	61	152	408	129	47	21	14	9	
17	60	149	398	127	47	21	15	7	
17	60	145	390	126	45	20	14	6	
18	59	142	377	119	44	20	16	6	
18	58	142	362	115	44	19	15	13	
15	55	133	349	113	45	19	12	13	
14	51	124	330	107	45	19	14	9	
14	51	122	321	103	40	19	11	21	
14	46	112	295	96	34	17	11	24	
12	42	105	281	87	32	14	12	12	
7	38	89	248	81	29	13	11	11	
6	0	0	0	0	0	0	0	0	
-2	2	-2	3	3	3	3	14	29	
-2	2	-3	3	2	3	3	7	7	
-2	1	-1	7	2	4	3	6	21	
-2	1	-2	6	3	6	3	5	26	
-2	0	-2	5	3	7	3	8	23	
-4	0	-3	5	2	5	3	5	5	
-5	0	-2	5	2	5	3	5	5	
-6	0	-2	3	2	2	5	7	5	
-7	0	-2	3	4	2	8	6	-5	
-5	0	0	5	3	4	5	8	-1	
-5	0	0	7	2	3	5	8	0	
-2	0	0	9	2	4	6	11	3	
0	-1	3	8	1	4	4	9	5	
-3	-2	3	9	3	4	3	4	4	
-3	-1	3	14	8	5	5	6	-1	
-2	2	12	42	20	12	8	6	-5	
-1	4	20	86	36	14	8	7	3	
2	12	41	111	47	19	8	8	5	
3	25	70	184	74	32	15	8	6	
4	32	83	227	88	40	20	9	12	
10	39	109	296	113	46	22	13	12	
10	40	129	347	134	56	28	15	6	
10	50	133	366	140	57	30	14	6	
12	56	144	395	151	60	32	15	4	
13	57	149	411	157	62	32	15	3	
12	60	152	415	159	63	30	17	5	
12	58	151	416	158	61	30	16	0	
11	56	149	412	155	60	31	16	4	
12	58	149	409	155	61	31	17	9	
13	58	146	400	152	61	31	16	7	
14	57	144	395	151	64	31	13	5	
13	56	141	383	146	61	31	15	-1	
12	54	139	375	143	57	30	17	0	
12	49	135	363	138	55	25	14	6	
12	50	131	353	134	52	24	12	0	
12	53	130	347	134	51	29	13	4	
11	48	126	339	132	51	29	16	3	
8	44	125	327	126	47	28	18	-1	
7	43	119	317	124	42	27	14	0	
10	43	113	300	118	43	24	12	3	
9	43	109	291	115	44	25	15	4	
5	38	96	255	102	40	25	15	4	
3	32	87	229	0	0	0	0	0	
8	3	-4	-11	-10	0	-6	-5	19	
9	4	-5	-11	-11	0	-3	-8	20	
-3	4	17	34	26	6	3	4	5	
0	13	38	78	35	10	4	5	-1	
1	21	62	132	54	18	6	6	0	
1	24	73	155	63	21	7	8	5	
7	30	94	203	78	25	9	9	5	
8	34	104	224	92	30	11	9	5	
7	40	122	260	98	34	14	9	2	
9	42	134	289	107	39	17	9	9	
12	48	140	299	111	39	17	11	9	
12	50	146	316	116	42	17	13	3	
14	51	148	328	118	44	18	9	2	
14	54	155	343	123	44	21	11	4	
13	55	158	351	127	44	21	12	3	
17	58	162	356	128	46	22	10	4	
17	56	161	356	130	48	21	11	4	
18	56	161	356	129	52	20	14	0	
17	58	161	359	128	50	23	13	-4	
16	58	160	356	127	46	23	12	2	
17	56	160	350	126	47	21	15	0	
18	56	159	346	126	46	21	14	3	
18	56	155	345	125	44	20	10	9	
18	53	150	335	121	46	20	13	7	
18	51	148	330	116	45	22	17	2	
14	50	144	321	115	43	23	15	6	
13	49	140	309	111	41	22	12	0	
12	45	136	302	109	40	21	16	0	
13	44	131	290	106	38	20	18	7	
14	44	127	283	101	35	18	15	7	
12	40	120	266	95	33	18	12	3	
10	37	111	243	90	31	17	12	4	
12	37	107	230	86	30	14	10	8	
8	32	93	204	75	22	12	7	4	
6	27	84	0	0	0	0	0	0	
-1	-2	3	10	7	4	0	5	41	
-1	-2	3	10	8	2	1	3	30	
-3	-2	3	8	7	2	2	1	-4	
-4	-2	3	9	7	2	1	3	-2	
-1	0	3	0	0	0	0	0	0	
0	0	0	265	120	41	15	5	2	
14	44	115	280	127	46	18	9	0	
18	50	124	302	134	47	21	11	1	
18	51	124	309	138	50	21	9	-1	
18	50	128	320	144	54	23	10	4	
18	51	133	330	146	52	22	13	8	
18	54	134	335	148	56	22	11	8	
18	54	132	337	150	57	24	13	4	
15	55	130	335	151	55	27	13	4	
14	52	130	333	151	55	26	13	8	
17	51	130	333	151	56	25	15	9	
19	52	131	336	151	55	25	15	5	
17	53	131	336	150	55	25	13	8	
17	53	129	336	149	58	27	13	11	
19	54	127	331	149	58	30	12	11	
19	52	127	327	148	56	27	11	3	
17	50	129	325	146	56	23	14	3	
17	50	128	323	143	52	22	15	7	
17	48	125	321	143	52	22	15	9	
14	43	122	315	141	53	21	14	4	
14	44	122	313	139	51	21	12	2	
17	46	123	306	137	51	21	12	-3	
17	45	119	298	135	50	22	15	8	
16	44	115	297	133	49	22	14	15	
16	42	113	291	131	50	23	12	12	
16	42	112	285	128	49	22	12	14	
15	39	106	274	123	47	22	13	11	
13	36	97	257	112	41	20	12	3	
10	35	92	241	105	39	19	11	7	
10	30	76	192	83	31	17	12	11	
6	41	104	268	189	65	29	14	3	
8	42	106	279	194	65	30	10	-1	
11	42	109	284	194	64	29	11	3	
11	44	112	290	199	66	28	11	0	
10	45	113	297	200	68	29	10	-7	
11	45	113	301	200	70	30	11	1	
11	45	114	305	201	71	32	12	2	
10	46	114	303	200	69	33	12	4	
9	47	114	301	199	69	32	11	17	
9	47	114	301	198	70	30	12	9	
9	45	114	301	197	70	31	12	0	
10	45	114	300	197	69	31	12	2	
13	43	114	300	197	69	30	14	0	
9	43	112	299	198	67	30	14	0	
7	44	112	300	198	66	30	13	2	
9	44	111	302	198	66	29	7	1	
9	45	111	302	200	66	29	6	2	
11	47	112	302	202	68	30	12	6	
13	46	112	304	202	69	30	12	7	
11	45	111	306	203	72	30	12	8	
10	47	111	306	204	73	31	13	23	
10	46	111	306	202	71	33	13	24	
12	46	111	301	200	71	30	13	6	
13	46	111	294	195	71	29	11	1	
10	46	110	289	192	65	29	10	5	
8	46	107	286	191	64	29	10	7	
8	45	107	279	189	65	28	11	4	
8	45	106	277	188	63	28	10	0	
8	44	105	269	184	63	28	12	-1	
8	41	103	263	179	63	27	10	-1	
8	39	96	250	171	58	26	7	-1	
8	38	95	243	160	55	24	7	1	
5	35	85	225	153	54	24	6	9	
5	31	75	198	137	48	23	7	11	
3	28	68	180	125	41	20	2	7	
-5	0	-1	4	9	0	2	-2	16	
-7	0	-3	3	8	0	2	-2	5	
-9	0	-3	2	8	2	4	-1	8	
-7	0	-1	1	8	4	4	0	25	
-5	-1	-1	1	10	5	2	-3	24	
-5	0	0	1	11	4	4	-3	7	
-4	2	0	3	9	4	6	-1	3	
11	45	111	281	195	67	26	12	6	
12	46	111	286	199	67	29	12	9	
10	47	113	290	205	67	30	12	12	
10	48	115	295	207	69	29	11	5	
13	49	117	299	209	73	29	10	3	
12	49	119	302	212	76	33	13	4	
10	48	120	302	210	75	33	16	8	
10	48	117	303	209	76	32	14	4	
10	48	115	303	210	75	32	15	0	
13	49	118	303	209	76	32	17	7	
13	50	117	298	205	76	31	14	9	
11	52	115	294	205	75	34	13	2	
9	52	113	288	203	74	37	13	9	
8	48	112	281	199	72	32	13	4	
8	41	104	265	189	68	31	13	1	
9	41	97	244	173	59	28	9	5	
4	39	93	230	162	56	26	7	5	
2	31	77	188	132	48	23	6	9	
2	26	64	159	112	42	0	0	0	
0	0	0	0	0	0	0	2	7	
4	36	88	264	107	36	14	2	1	
7	39	100	300	124	43	16	6	2	
7	42	109	325	133	46	18	8	9	
6	47	112	339	136	48	19	8	9	
6	48	117	363	145	50	20	8	8	
13	49	123	369	148	53	20	8	1	
14	51	129	381	152	53	20	11	11	
11	51	128	384	154	54	20	14	19	
9	50	128	388	155	58	22	13	7	
10	53	131	392	155	57	23	11	5	
12	56	132	396	156	57	23	13	6	
12	55	132	395	155	57	21	12	8	
12	54	131	388	155	55	20	12	11	
13	52	130	384	155	56	20	14	4	
12	49	127	374	152	55	21	11	2	
10	50	124	369	150	51	20	8	1	
10	50	119	354	146	51	20	7	-3	
10	49	113	338	138	50	20	9	-3	
8	46	111	328	134	49	19	12	-1	
7	44	104	305	128	46	18	11	-4	
8	42	100	292	125	41	16	7	-4	
7	39	92	265	114	40	17	7	-2	
6	38	83	241	105	35	15	8	0	
7	35	80	225	97	32	12	6	-2	
-8	0	1	-6	8	4	-3	0	29	
-5	5	4	-2	9	5	-4	1	30	
-2	7	15	18	16	7	0	1	8	
-2	11	24	30	21	7	0	2	-3	
0	19	46	64	33	12	0	3	-1	
1	27	72	110	51	17	3	5	2	
4	31	82	135	62	22	6	4	6	
6	41	106	180	80	26	7	6	6	
9	50	127	218	91	28	8	7	6	
13	54	137	235	93	32	9	7	4	
13	61	151	260	101	36	10	5	7	
13	62	154	270	104	37	11	5	4	
12	62	158	283	110	37	10	7	-3	
15	64	163	289	111	42	10	8	4	
15	64	166	296	112	45	12	9	11	
13	64	166	300	114	42	13	8	6	
14	66	172	310	114	41	13	9	6	
18	66	174	313	114	46	13	10	-2	
20	67	174	316	116	46	12	10	-6	
17	67	173	315	116	43	11	10	2	
17	65	172	318	116	42	13	12	5	
17	66	173	322	116	43	14	15	6	
17	66	174	325	117	46	14	13	0	
17	66	174	326	118	46	15	11	-2	
17	65	170	324	119	45	16	12	5	
17	65	170	324	119	44	17	13	6	
17	65	171	321	117	44	17	13	8	
17	64	164	311	115	45	17	12	5	
17	63	160	304	115	43	14	11	1	
15	55	147	278	106	37	12	10	4	
12	49	136	226	72	25	8	4	3	
0	0	0	0	0	0	1	1	32	
-4	-2	4	-8	0	-1	0	1	34	
-6	-2	2	0	0	0	0	0	0	
4	28	95	172	57	21	4	5	13	
7	33	109	200	75	31	6	3	4	
11	42	138	253	82	33	9	5	4	
11	49	154	294	92	38	11	10	0	
14	52	159	310	97	39	11	9	5	
17	57	173	337	108	42	11	9	5	
17	59	179	345	113	45	14	10	6	
18	64	186	351	116	44	15	8	0	
18	65	189	359	116	44	16	7	3	
16	66	190	363	115	45	17	11	9	
17	64	190	364	116	45	17	12	4	
19	64	187	362	116	44	16	9	-1	
19	65	187	358	114	45	16	11	5	
18	64	184	351	114	46	16	15	14	
17	62	180	345	114	45	14	14	6	
17	60	177	341	110	42	14	12	5	
17	59	174	340	107	40	15	12	0	
19	58	170	334	106	41	10	10	0	
19	58	171	330	107	42	11	11	5	
18	57	169	327	107	42	14	12	0	
19	57	169	327	106	42	15	13	5	
17	55	163	321	105	40	15	13	13	
17	54	157	313	103	39	14	11	7	
15	51	154	296	96	36	12	11	2	
12	51	150	289	93	33	11	11	4	
9	49	133	263	82	28	11	6	2	
7	44	121	242	74	26	10	5	1	
9	4	2	11	3	1	6	0	18	
8	5	2	12	2	1	6	-1	2	
6	5	2	12	3	2	5	-4	16	
7	4	3	10	5	3	3	-4	16	
8	1	4	7	3	2	0	-3	5	
9	0	1	-15	-6	0	1	-2	-2	
7	-1	-12	-33	-13	-3	2	-4	0	
6	-3	-25	-63	-26	-8	2	-4	11	
10	44	120	374	135	41	17	7	17	
11	44	120	369	134	40	17	8	3	
11	43	119	362	133	40	17	10	5	
11	41	116	352	130	41	16	9	2	
8	39	114	350	129	40	15	10	-5	
6	37	114	346	128	38	16	10	-1	
7	37	113	341	126	38	17	8	0	
8	36	111	341	125	39	16	7	4	
8	37	110	335	122	37	14	7	6	
6	37	109	326	121	34	14	9	0	
5	37	107	320	119	30	14	8	-3	
5	37	107	321	118	30	14	8	2	
5	35	103	314	116	29	12	8	-3	
4	36	102	308	113	29	14	9	-9	
4	35	99	297	111	29	13	8	-2	
7	33	97	291	110	29	11	6	-2	
7	29	93	276	102	27	11	8	-2	
2	29	90	266	98	23	11	9	1	
1	27	80	245	89	21	10	7	4	
4	25	76	233	85	22	8	5	1	
3	22	70	205	77	16	7	4	-1	
0	21	64	192	71	11	7	2	-4	
10	4	11	25	13	18	7	0	6	
10	4	11	23	13	17	7	0	2	
11	5	12	22	14	16	9	3	0	
12	6	12	22	14	17	9	3	0	
12	7	13	22	13	19	12	4	-9	
12	6	14	21	13	19	9	4	0	
11	6	12	20	12	18	9	4	13	
10	7	11	21	12	16	12	3	14	
12	7	8	22	12	15	12	1	1	
12	4	6	13	5	13	8	-1	-8	
9	1	3	-5	-4	10	7	0	-4	
7	-2	-11	-39	-24	5	5	-1	-3	
6	-4	-19	-51	-32	1	0	0	0	
1	25	80	256	119	38	8	9	2	
1	24	79	254	119	36	8	9	-2	
1	25	77	253	120	36	8	10	-7	
1	27	77	254	120	37	9	11	-9	
2	26	77	249	118	36	9	10	-2	
1	24	74	246	117	34	9	10	0	
0	24	74	241	115	33	9	10	-4	
1	24	71	229	109	33	8	9	-3	
2	24	69	226	101	32	7	9	12	
0	24	64	210	97	28	7	9	12	
-1	19	56	187	87	22	5	6	-2	
-4	18	51	173	80	18	3	5	0	
-6	16	38	138	63	12	1	4	10	
-1	5	11	35	-6	-5	-3	2	0	
-1	5	27	72	6	0	-1	3	0	
-2	9	32	88	12	0	0	4	1	
2	15	43	127	28	7	1	5	0	
2	19	50	159	39	14	4	7	1	
2	25	61	172	44	13	4	7	1	
2	26	69	192	50	14	5	7	-1	
2	26	73	200	52	18	5	8	2	
5	29	77	216	58	20	5	7	7	
5	29	76	220	58	20	4	6	0	
4	29	76	218	59	21	3	9	0	
4	29	77	217	60	21	5	9	3	
1	29	77	220	60	19	6	11	2	
0	28	75	220	61	18	7	12	4	
1	29	74	218	62	19	9	12	1	
1	29	74	221	62	19	8	11	3	
1	28	72	220	61	17	7	10	-2	
3	28	72	215	60	17	8	10	-3	
2	27	75	213	60	17	8	12	-1	
2	26	72	210	57	16	5	10	-5	
0	27	69	208	57	12	6	10	2	
-2	26	68	201	56	12	7	9	5	
0	24	68	195	55	13	5	8	-2	
0	23	65	191	53	14	4	9	3	
0	23	64	190	52	15	5	10	1	
-1	23	62	183	51	12	5	6	-2	
-1	23	61	180	50	12	4	7	1	
0	22	59	177	47	14	3	10	0	
0	22	59	175	46	13	2	9	0	
-2	21	57	168	44	9	2	8	3	
-3	21	57	168	44	9	4	9	4	
-4	23	62	170	48	12	5	11	0	
-3	23	62	168	49	12	5	10	-1	
-1	23	58	167	47	11	5	8	0	
-1	22	57	167	45	10	2	6	1	
-2	20	55	161	44	9	2	8	1	
-1	22	55	159	41	9	2	8	-4	
-2	21	54	154	40	7	1	8	-2	
-5	18	50	141	36	5	0	10	4	
10	7	19	57	34	12	10	0	22	
11	7	19	56	35	12	11	-2	0	
13	7	20	57	35	12	11	-5	7	
11	7	18	57	35	15	12	-2	17	
11	7	17	56	36	16	12	-3	6	
12	4	18	56	35	16	8	-4	0	
12	2	14	47	25	13	6	-5	9	
9	1	7	34	16	0	0	0	0	
0	34	82	198	128	44	15	11	12	
2	37	83	201	133	45	17	13	10	
3	37	87	212	135	45	16	13	5	
2	36	87	214	137	45	15	13	2	
2	37	89	213	137	48	17	13	2	
4	40	89	215	137	51	17	14	2	
4	40	89	218	138	52	17	14	3	
0	38	89	220	140	50	18	14	-3	
0	38	89	224	145	50	17	14	-9	
4	40	90	225	145	54	17	14	-2	
4	40	91	225	146	54	19	16	0	
1	39	92	223	148	53	16	16	0	
2	39	91	228	149	53	15	16	5	
4	41	91	231	148	53	18	15	7	
5	39	90	229	149	54	19	13	5	
3	37	88	229	150	53	17	12	1	
1	39	89	233	150	55	18	13	-4	
3	40	90	234	150	57	19	14	0	
5	38	91	234	152	56	18	15	5	
5	38	92	232	152	56	19	17	3	
5	39	90	228	151	57	18	17	7	
3	39	87	227	151	56	18	15	8	
3	38	85	223	146	53	18	15	7	
4	37	84	215	143	53	16	15	3	
4	37	84	204	136	52	16	14	0	
3	36	83	203	130	49	15	14	4	
3	35	82	199	126	47	13	11	10	
3	34	78	188	121	44	13	10	5	
2	32	75	183	113	40	12	10	3	
-2	30	70	174	109	38	11	9	6	
-2	31	69	163	101	33	12	9	4	
-1	31	68	154	100	34	12	13	8	
-1	29	61	142	93	33	11	13	8	
-3	28	57	137	87	32	11	10	-1	
-4	25	52	122	79	29	11	10	5	
0	0	0	0	35	11	8	-1	31	
7	2	13	53	35	11	8	-1	20	
8	2	14	54	36	12	10	1	-6	
10	2	13	55	36	12	10	0	9	
10	2	14	55	34	11	9	-1	29	
11	1	14	54	35	16	9	-2	0	
11	0	14	56	35	16	8	-3	-8	
10	1	15	57	35	13	7	-2	13	
8	1	13	57	35	13	8	0	2	
9	0	5	48	28	13	8	-2	-7	
9	-1	2	35	0	0	0	0	0	
0	0	0	0	96	35	9	11	6	
4	52	119	287	97	35	9	12	6	
4	51	122	296	100	38	10	14	5	
5	51	123	297	100	38	10	13	8	
6	51	124	297	101	38	8	13	8	
8	51	125	304	103	41	7	14	4	
8	54	127	308	103	41	8	14	3	
6	53	127	307	102	39	7	14	-5	
7	51	124	302	101	39	7	10	-6	
7	51	119	295	100	39	10	10	0	
4	51	117	287	100	38	10	12	2	
6	51	117	291	100	36	9	12	8	
8	51	115	287	98	37	9	13	6	
4	50	114	279	96	37	9	10	4	
3	49	109	263	90	34	5	10	8	
4	48	106	254	87	32	4	12	5	
3	45	101	233	82	32	3	12	7	
1	42	96	222	78	31	3	11	16	
0	40	86	199	69	25	1	8	11	
3	40	80	183	64	27	0	8	2	
0	0	14	57	28	11	14	2	22	
15	0	14	58	30	10	14	2	13	
14	0	13	58	30	10	14	0	-15	
14	0	11	57	30	11	13	0	-5	
15	1	11	58	31	11	13	-1	-3	
14	2	14	59	30	11	14	-2	-27	
12	1	13	58	30	11	14	-1	-13	
16	0	13	58	30	13	13	0	8	
17	0	13	58	30	13	12	2	15	
16	2	13	55	30	11	14	-2	11	
16	2	13	54	29	11	13	-2	20	
16	1	12	54	29	12	12	0	-7	
17	0	13	54	28	11	12	-1	-1	
15	0	13	56	27	8	14	-4	0	
15	0	12	56	28	10	16	-2	4	
15	0	12	50	27	9	15	1	3	
14	-2	8	44	24	5	12	0	2	
7	60	143	222	74	31	0	6	7	
10	61	143	224	74	34	2	9	5	
9	61	144	225	75	34	1	12	2	
7	61	145	228	74	32	0	12	-5	
7	61	144	231	76	32	0	11	0	
7	61	144	234	77	34	0	11	10	
7	62	144	234	76	33	-1	10	5	
8	62	144	234	74	32	0	10	2	
7	62	144	234	76	32	1	11	-1	
2	63	144	234	77	28	2	11	0	
1	60	141	233	76	28	1	12	0	
4	59	140	230	75	29	0	11	0	
4	57	136	220	72	29	-1	11	-5	
6	56	124	201	65	27	-2	11	4	
6	51	118	191	59	25	0	11	8	
6	43	99	154	46	22	0	11	0	
4	37	85	128	37	20	-1	12	11	
-5	6	9	19	-1	0	-4	-1	3	
-5	10	22	49	5	2	-4	-1	1	
-4	12	27	62	10	5	-1	4	-1	
-2	19	40	88	21	8	1	6	8	
-2	21	53	122	34	12	2	7	11	
-1	26	61	137	41	13	3	8	2	
3	34	77	179	52	16	4	10	3	
3	36	82	202	62	23	8	10	13	
3	42	97	238	67	23	7	8	18	
4	44	112	267	78	27	9	9	14	
6	46	119	277	82	31	11	12	19	
8	50	129	299	89	32	11	13	22	
10	51	131	308	91	34	12	13	13	
11	53	132	323	91	34	12	12	9	
11	54	132	326	91	35	12	12	5	
12	53	134	325	92	35	11	12	6	
13	53	135	325	92	33	9	11	7	
11	54	134	320	89	32	11	11	5	
10	54	132	319	89	32	13	12	8	
11	52	127	312	88	33	12	12	10	
11	53	127	306	87	33	12	13	5	
10	54	127	306	87	31	12	13	5	
10	52	125	299	85	32	11	13	8	
9	48	122	292	84	33	11	11	9	
9	49	119	288	82	30	11	9	12	
9	51	119	284	82	30	13	10	11	
10	48	118	279	82	30	13	12	6	
11	48	116	274	82	28	10	10	4	
13	48	116	276	82	29	10	11	11	
15	47	115	274	81	30	10	12	10	
10	48	114	273	81	27	11	11	10	
8	48	115	272	78	25	11	12	10	
9	47	112	267	76	25	9	12	10	
9	46	109	262	74	25	10	9	18	
10	44	110	256	73	24	9	13	20	
7	40	107	248	70	24	7	13	9	
8	40	103	241	63	23	8	13	5	
5	37	91	214	59	21	7	15	5	
3	31	72	169	49	15	6	12	9	
-8	-4	-7	-24	-17	-3	-5	4	16	
-8	-4	-6	-26	-16	-4	-4	6	-6	
-11	-3	-4	-26	-16	-5	-7	4	-16	
0	0	105	301	113	41	11	15	15	
9	42	109	308	116	45	16	14	14	
13	43	112	321	122	50	15	13	12	
14	43	112	326	124	51	12	14	9	
12	46	115	332	124	49	16	13	9	
12	47	115	334	125	48	16	13	8	
10	47	115	333	125	48	16	12	10	
11	44	114	330	122	48	16	13	18	
14	44	114	329	123	48	16	15	12	
14	45	112	323	121	46	17	14	7	
12	46	111	319	117	44	17	15	8	
14	46	111	317	118	47	17	15	9	
14	43	106	311	117	47	15	15	17	
11	42	104	307	114	44	15	14	6	
8	41	102	296	111	41	15	13	5	
7	41	100	284	109	39	15	12	8	
9	40	95	277	107	39	17	12	13	
9	36	91	266	101	37	16	13	10	
7	33	91	261	99	36	15	15	6	
5	34	84	244	93	35	16	11	14	
5	34	79	234	89	33	15	10	17	
5	28	75	216	83	29	14	10	9	
6	28	71	199	75	25	12	10	6	
5	27	63	190	69	25	11	9	14	
4	25	59	168	60	21	10	11	12	
1	0	-8	-13	-14	-1	0	2	48	
1	0	-8	-13	-15	-2	-1	4	25	
0	0	0	93	39	16	6	7	-4	
6	17	42	115	51	22	7	9	2	
8	21	64	169	75	34	12	14	0	
7	30	71	197	86	37	15	15	21	
7	32	84	244	108	42	16	12	23	
14	35	89	260	117	45	16	13	10	
15	38	93	278	128	51	20	15	22	
14	38	95	286	134	51	18	16	22	
14	42	101	304	139	54	19	14	7	
14	44	103	309	140	54	20	14	5	
13	44	106	308	142	53	20	16	3	
12	45	107	308	142	52	19	14	-9	
14	46	104	308	142	52	22	12	-15	
14	45	103	308	144	54	22	12	-6	
14	45	105	308	142	55	21	13	5	
13	46	105	307	142	52	23	16	12	
12	46	104	304	142	50	21	14	6	
12	46	102	300	139	50	21	13	-2	
14	45	101	292	134	50	20	13	4	
14	45	98	281	132	52	21	14	12	
12	45	94	277	132	52	23	14	22	
13	44	90	268	129	51	21	15	16	
13	42	88	262	125	49	17	14	4	
14	40	86	254	118	48	16	13	7	
16	40	84	244	114	45	16	11	11	
12	39	83	241	112	43	16	11	18	
8	35	81	232	108	40	13	13	12	
8	35	81	229	106	40	14	14	7	
9	32	80	227	106	41	14	14	15	
7	33	78	223	102	41	14	14	11	
7	35	75	219	100	42	16	13	0	
9	32	75	217	100	43	15	13	3	
8	31	76	219	100	40	16	12	5	
6	32	76	222	101	39	16	12	0	
6	32	75	223	101	39	13	13	-1	
7	32	75	222	101	40	12	13	2	
6	31	78	221	101	42	12	12	2	
8	31	77	221	101	43	12	12	1	
8	32	75	222	100	40	13	13	3	
6	31	75	219	99	40	12	14	0	
6	31	74	214	98	40	12	15	2	
7	32	73	210	95	40	14	15	17	
4	31	71	202	94	38	14	14	12	
2	28	64	184	85	35	11	13	3	
2	24	56	175	77	29	8	10	0	
2	0	7	13	12	-1	3	-3	6	
3	0	7	12	11	-2	3	0	-9	
3	0	6	13	12	-2	4	0	-12	
2	0	5	9	10	-1	6	0	-10	
1	-2	0	-13	4	-2	6	2	-11	
0	-7	-14	-29	0	-3	5	0	-7	
10	58	136	387	125	51	14	10	11	
10	59	136	388	125	52	16	13	9	
10	59	137	388	126	54	17	15	4	
10	59	137	389	127	53	16	14	4	
10	58	136	388	128	55	17	12	8	
10	58	137	389	127	55	17	15	17	
9	56	135	385	124	54	16	15	5	
9	55	136	383	124	55	15	16	0	
10	59	136	376	122	55	15	17	4	
10	60	131	368	121	54	16	14	6	
10	57	125	365	121	54	16	14	6	
10	56	124	361	117	53	15	13	8	
10	55	125	357	115	54	14	13	8	
8	50	119	348	113	52	12	13	7	
7	50	114	338	112	47	11	11	7	
6	53	113	333	110	48	14	12	7	
5	52	111	326	105	48	14	10	5	
7	51	110	323	104	48	12	10	5	
11	50	108	311	102	50	14	10	11	
6	51	105	301	100	48	14	10	9	
4	49	104	299	100	43	12	9	1	
7	47	105	290	96	44	11	10	4	
7	47	102	285	94	45	11	10	-1	
4	46	97	281	94	45	12	7	-2	
4	46	97	279	94	44	10	8	7	
5	43	95	277	91	43	10	9	7	
5	42	95	272	89	43	12	8	9	
6	44	95	266	89	42	17	8	4	
6	42	88	255	86	40	15	7	2	
6	40	83	238	80	38	8	7	4	
4	37	80	227	76	38	7	5	10	
4	35	69	197	66	36	8	5	15	
6	-4	2	5	10	-5	4	3	14	
3	30	66	166	66	35	12	8	4	
3	31	69	200	79	39	13	6	7	
6	33	78	214	84	42	12	6	14	
9	39	90	241	95	46	14	4	13	
8	42	93	254	106	49	17	6	6	
4	44	101	272	110	49	18	8	4	
4	43	106	287	114	50	17	8	18	
4	44	108	293	116	48	18	6	15	
5	47	110	301	117	51	18	6	7	
7	45	111	305	119	56	18	8	9	
6	45	111	306	121	57	18	7	12	
7	46	112	308	121	58	17	10	17	
7	46	114	305	121	58	18	11	14	
7	47	114	301	120	58	19	11	8	
7	47	110	300	120	55	17	8	5	
7	44	106	293	120	54	17	7	1	
7	45	107	291	119	55	17	9	2	
7	45	107	293	116	55	16	9	7	
7	44	103	290	113	52	15	9	10	
7	44	102	284	113	52	14	10	14	
6	43	99	280	113	52	15	10	12	
6	41	99	279	113	52	15	10	9	
6	43	100	279	112	52	15	10	7	
6	42	99	275	111	52	14	10	5	
6	42	97	273	111	52	12	11	14	
9	45	96	273	109	52	11	8	14	
9	45	97	272	105	52	11	5	7	
8	45	98	270	106	51	11	10	10	
10	42	94	264	106	51	11	12	10	
9	38	92	260	104	54	13	10	3	
7	39	93	257	104	53	13	10	6	
6	37	91	252	102	51	12	11	16	
7	34	86	249	101	53	11	9	17	
8	35	84	245	99	52	10	9	14	
4	35	85	243	97	49	11	9	17	
2	35	85	240	96	49	11	9	11	
2	36	84	239	93	48	9	6	7	
5	36	82	239	91	49	9	6	11	
6	34	81	234	91	48	9	6	10	
4	33	81	233	91	46	9	5	11	
3	32	82	232	91	46	10	5	12	
3	33	81	231	92	46	10	5	14	
2	33	81	231	91	44	9	6	20	
3	32	82	227	89	44	9	5	14	
5	31	81	224	89	45	9	7	22	
3	29	80	221	88	45	6	7	13	
0	29	79	212	85	44	6	8	4	
0	29	76	207	82	43	7	9	10	
0	26	70	189	73	37	4	7	9	
1	23	64	0	0	0	0	0	0	
0	0	0	0	0	0	0	0	26	
-6	1	2	4	-3	8	-3	-6	8	
-6	0	2	5	-3	11	-4	-5	-15	
-7	-1	1	4	-3	12	-4	-1	-12	
-7	-1	1	4	-4	7	-7	-1	-2	
2	32	94	273	95	42	9	8	4	
5	35	96	277	95	42	9	4	11	
8	37	98	281	95	41	10	4	2	
6	36	97	285	95	40	9	4	-2	
5	36	101	292	96	41	7	5	9	
6	37	101	294	98	43	7	3	16	
5	35	99	294	98	42	10	3	6	
6	38	99	296	97	42	12	3	3	
8	40	99	297	98	44	11	2	3	
8	39	101	299	100	46	9	3	13	
7	38	102	299	100	44	8	2	11	
6	38	101	299	99	43	9	2	0	
6	36	99	298	99	43	9	2	0	
4	36	99	295	98	42	9	0	1	
3	36	99	297	99	42	8	1	0	
4	38	100	295	100	41	8	1	3	
4	38	101	294	99	39	7	1	0	
3	35	98	295	96	36	7	2	8	
3	35	97	294	97	39	9	2	16	
2	35	96	293	97	40	9	0	11	
2	34	93	289	95	39	9	0	4	
4	33	92	282	95	39	8	0	-1	
4	33	92	278	91	39	9	2	-2	
4	34	92	273	87	37	9	2	14	
7	32	83	251	79	37	8	1	15	
6	31	77	221	70	33	7	-2	11	
0	24	65	203	65	30	7	-1	22	
-1	16	48	159	49	24	5	-1	13	
0	0	0	0	0	0	0	5	22	
12	10	8	4	9	0	6	5	38	
12	9	6	4	9	0	6	2	3	
11	8	4	1	8	-1	6	1	-8	
11	9	6	-1	8	-1	10	5	-5	
14	8	6	-5	7	0	8	5	-7	
13	6	1	-17	2	-1	6	1	-10	
10	5	-2	-27	-2	-6	6	1	-3	
8	0	-16	-59	-6	-8	6	1	-3	
8	0	0	0	0	0	0	0	0	
0	0	146	370	114	47	10	10	2	
9	48	147	377	115	47	11	7	4	
8	48	151	382	116	48	11	9	7	
9	48	152	382	117	50	14	12	4	
10	48	152	385	121	51	15	12	0	
10	50	153	389	118	49	13	11	0	
10	52	154	389	118	48	12	11	8	
10	50	151	388	120	49	13	11	11	
10	48	151	388	119	45	13	12	8	
10	48	151	385	115	45	12	12	8	
10	48	149	370	112	47	12	10	17	
8	45	139	362	111	46	12	10	14	
6	43	135	348	106	41	12	8	7	
4	42	134	339	104	40	11	9	14	
4	40	124	317	95	39	9	8	13	
6	40	118	308	88	38	10	5	3	
5	38	112	290	85	36	10	7	3	
2	31	99	259	74	33	7	6	2	
0	29	92	240	68	27	5	6	0	
-5	20	71	196	51	22	2	5	6	
-9	-7	1	17	2	3	-3	-1	10	
-9	-6	4	34	9	6	-1	0	13	
-6	-2	6	39	15	7	-1	0	5	
-6	1	14	60	27	12	1	0	6	
-8	4	20	71	32	11	2	2	9	
-7	6	26	85	39	13	2	5	12	
-5	9	29	92	44	19	5	6	9	
-4	12	36	112	56	26	8	4	4	
-1	12	41	124	62	30	8	4	3	
1	15	50	149	74	36	10	8	2	
-1	17	53	162	85	38	10	10	8	
-2	17	61	180	90	36	8	8	11	
-1	18	68	194	99	38	9	8	5	
0	25	72	201	102	38	12	10	9	
1	25	75	211	106	40	13	10	7	
1	25	75	214	107	41	17	11	11	
0	25	75	214	109	41	17	11	8	
0	24	73	213	109	44	15	9	11	
1	25	72	213	108	44	15	7	5	
1	24	73	214	109	42	16	10	3	
0	25	73	213	111	41	16	11	9	
0	26	72	209	110	39	16	11	6	
1	25	72	209	108	38	15	11	1	
0	22	72	211	106	39	15	13	4	
0	23	73	209	104	38	15	14	10	
-1	23	74	209	104	36	16	13	6	
-1	22	74	205	105	37	16	16	6	
0	22	72	203	104	37	13	16	3	
0	22	69	202	102	36	13	15	-2	
0	22	68	199	101	35	15	15	1	
0	23	66	198	100	36	15	12	5	
0	23	66	192	95	34	13	14	-1	
0	21	66	190	95	33	12	15	2	
-1	21	61	185	96	32	12	12	7	
-2	20	59	180	90	31	11	11	4	
0	20	57	176	87	31	9	11	9	
0	19	58	171	86	29	9	13	19	
0	18	57	169	86	29	9	12	13	
0	19	54	165	87	30	11	10	6	
0	17	53	161	85	31	11	10	5	
0	15	53	160	83	32	8	10	4	
0	18	53	160	82	28	8	10	6	
0	19	53	160	82	26	8	9	10	
2	20	55	160	82	26	9	9	7	
0	21	55	151	81	25	10	13	7	
0	19	52	134	73	21	8	13	11	
0	16	41	123	64	19	9	11	0	
0	0	7	22	0	-1	-1	4	11	
-4	7	13	40	6	1	1	3	6	
-2	10	21	84	22	6	4	3	2	
-1	17	42	110	31	11	4	7	0	
-1	22	64	159	48	16	7	8	-1	
1	25	74	184	56	19	8	8	8	
6	34	93	230	68	24	8	8	8	
6	38	100	250	80	28	10	6	1	
7	46	115	286	85	31	12	9	1	
9	50	124	318	93	35	15	11	7	
12	52	128	328	95	35	14	11	9	
12	53	135	343	99	35	14	11	6	
12	54	136	350	102	36	15	14	10	
13	56	141	355	106	39	16	14	10	
13	55	141	356	107	40	17	14	12	
12	55	139	356	107	39	15	14	1	
12	55	140	354	104	39	17	14	3	
12	55	138	354	104	40	19	13	6	
14	55	136	355	104	42	18	13	17	
14	55	138	355	104	40	17	14	17	
13	56	138	351	105	41	17	13	6	
13	56	136	350	103	41	16	15	2	
11	56	137	348	104	41	15	16	0	
11	56	138	348	105	41	15	17	1	
11	56	136	348	103	38	15	16	7	
11	56	133	344	101	37	15	14	7	
11	56	131	343	101	37	14	15	7	
11	56	129	341	100	36	14	16	11	
11	55	129	335	98	34	12	13	10	
10	55	127	321	96	35	12	14	9	
9	54	123	314	91	35	11	12	15	
8	48	114	292	87	34	9	8	10	
8	45	107	275	75	28	8	9	7	
6	37	85	229	65	25	6	9	7	
3	33	73	0	0	0	0	0	0	
0	4	5	22	6	0	-1	5	20	
1	10	14	46	14	4	0	6	18	
1	13	18	59	19	5	1	7	8	
2	16	31	94	34	11	0	7	7	
3	18	36	112	41	15	1	7	12	
6	22	46	145	53	18	5	8	8	
5	24	54	163	61	19	6	10	7	
8	29	65	194	76	25	8	11	14	
10	30	66	202	79	25	10	10	8	
10	29	68	209	81	26	11	9	13	
8	28	71	211	80	26	9	10	22	
9	30	73	217	80	24	7	9	12	
9	30	74	218	81	23	7	6	2	
9	28	73	217	80	24	8	9	7	
8	26	70	207	78	24	8	12	7	
5	23	66	202	77	23	8	10	9	
6	24	63	196	76	24	9	8	8	
6	24	61	191	74	22	9	9	7	
9	25	62	188	73	22	10	9	18	
10	24	62	184	73	23	10	10	20	
8	24	60	183	73	22	10	8	12	
7	23	60	182	72	23	9	7	13	
7	23	60	179	70	22	8	9	12	
6	25	58	177	70	21	11	7	7	
6	23	58	178	69	21	10	6	4	
6	21	60	178	67	21	6	8	6	
6	21	62	179	68	21	5	9	17	
6	22	62	176	70	18	6	12	17	
5	22	61	170	68	17	6	9	5	
5	22	60	168	62	17	5	7	7	
6	22	53	156	62	17	6	6	8	
6	22	50	149	57	14	5	3	2	
5	18	46	129	50	13	4	4	0	
5	15	0	0	0	0	0	0	0	
-3	1	2	5	0	-4	-3	6	44	
0	0	3	5	-1	-5	-4	6	35	
1	0	3	4	0	0	0	0	0	
16	40	104	294	104	37	11	15	14	
16	41	104	299	105	36	11	14	12	
12	40	104	301	105	35	10	13	5	
13	43	105	300	104	33	10	12	4	
14	42	105	298	104	35	9	11	0	
14	41	105	297	104	37	9	12	1	
15	42	105	294	104	36	9	12	7	
12	41	101	290	102	35	11	12	14	
12	42	98	288	101	35	13	12	16	
12	41	98	281	101	35	11	12	22	
14	40	97	278	100	33	9	12	11	
12	38	92	269	97	33	9	12	11	
10	36	89	266	95	33	9	13	15	
9	35	86	254	91	29	8	16	18	
10	36	86	247	90	29	8	16	13	
9	35	85	241	88	28	7	12	11	
7	35	84	239	86	28	7	12	9	
10	34	81	233	85	27	5	13	11	
10	32	79	228	83	26	5	13	14	
9	33	77	221	82	25	5	14	9	
9	33	78	216	77	24	6	13	6	
7	32	79	211	77	23	6	13	6	
8	30	71	200	76	21	4	12	14	
7	29	66	183	69	18	3	6	11	
1	28	62	173	64	14	3	7	10	
0	26	54	152	56	14	3	8	11	
-3	1	3	9	3	-3	-10	2	23	
-2	1	3	9	3	-3	-10	0	0	
0	0	0	0	0	0	0	0	15	
3	26	68	179	70	22	-1	11	9	
5	31	80	216	95	32	2	13	12	
7	39	104	284	107	36	2	14	12	
10	51	126	341	128	45	7	15	13	
13	56	137	371	137	54	10	16	13	
18	62	154	419	151	58	10	18	12	
19	65	161	437	166	60	10	19	8	
17	68	174	475	175	60	12	19	6	
18	71	182	505	185	64	15	20	10	
20	74	183	514	187	66	17	22	17	
20	75	187	529	193	71	16	22	17	
20	75	188	537	194	70	15	20	18	
19	79	192	540	196	69	17	21	19	
20	80	193	547	199	69	17	22	10	
21	78	194	551	200	70	16	24	10	
21	78	195	556	201	70	17	25	19	
23	78	193	558	201	72	17	23	19	
23	78	193	557	200	72	16	21	13	
20	79	195	560	200	69	15	19	11	
20	80	196	564	201	70	16	20	14	
20	81	195	563	201	70	18	21	15	
20	81	193	559	201	68	16	20	8	
20	80	192	554	201	66	14	20	6	
20	79	191	550	199	66	15	20	8	
20	79	189	549	198	68	20	19	11	
19	79	189	546	197	68	21	20	10	
18	78	187	544	196	68	17	20	9	
19	78	186	541	196	68	16	20	10	
21	76	188	535	195	68	17	22	11	
20	76	187	530	191	66	16	22	9	
21	75	180	511	188	66	16	21	4	
22	72	176	502	184	64	16	22	8	
18	69	166	483	179	61	16	21	9	
16	68	161	471	178	61	14	20	4	
16	64	153	443	167	60	12	21	5	
15	60	147	427	156	56	11	20	15	
12	56	130	386	145	53	9	17	19	
11	45	105	308	113	38	3	14	15	
0	0	0	0	17	8	-7	8	13	
2	9	19	52	21	10	-6	8	14	
4	12	35	86	32	12	-3	9	16	
7	20	42	109	40	15	-3	10	10	
8	27	62	164	57	22	-1	11	9	
11	31	76	196	66	30	0	12	7	
15	42	105	263	88	34	0	13	14	
15	54	135	334	115	42	5	15	12	
17	58	146	367	127	48	7	15	9	
21	70	168	425	146	58	9	15	8	
23	76	180	453	160	66	10	18	6	
26	79	197	495	168	69	13	16	9	
26	80	204	522	178	70	15	15	16	
26	82	209	532	179	70	14	17	11	
26	81	215	546	182	72	15	17	4	
26	83	216	549	183	75	15	15	-3	
27	86	218	552	182	74	16	16	3	
26	84	216	552	182	70	15	17	10	
26	84	216	552	183	71	15	16	14	
25	87	216	551	183	71	16	17	19	
24	87	214	550	182	70	16	16	16	
26	87	215	545	180	71	16	15	14	
26	88	216	539	178	71	17	15	11	
25	88	215	539	178	68	17	18	13	
25	86	213	537	177	68	16	20	12	
25	81	211	529	175	68	15	18	9	
24	81	209	520	171	67	16	17	12	
23	83	208	517	169	67	16	17	14	
23	83	207	510	168	66	14	14	11	
26	82	205	509	168	67	14	13	5	
26	83	205	509	168	66	14	15	7	
25	83	206	509	168	66	16	18	9	
25	82	204	504	167	67	17	20	9	
24	79	197	498	165	64	15	17	16	
24	76	194	488	162	64	14	15	12	
20	75	192	483	161	64	16	16	7	
20	75	188	472	157	62	15	14	13	
19	71	184	463	154	57	11	13	4	
18	65	174	432	144	52	10	14	0	
19	64	167	409	136	52	10	13	11	
16	57	145	347	114	46	8	10	16	
15	49	0	0	0	0	0	0	0	
-2	0	2	16	7	6	-4	2	16	
-2	1	17	49	26	11	-1	4	8	
1	7	26	70	35	15	0	4	8	
3	16	43	115	63	27	5	5	10	
3	18	51	140	77	29	6	9	10	
3	25	71	197	103	33	7	10	12	
3	28	88	241	128	43	11	10	21	
9	30	90	256	137	52	11	13	27	
10	35	98	286	155	59	12	13	18	
10	37	106	299	163	59	16	16	14	
11	39	113	316	175	62	17	16	13	
12	43	115	330	183	63	17	14	21	
14	45	117	333	184	63	18	15	24	
12	45	119	337	187	65	19	15	12	
11	45	118	339	189	65	18	10	12	
11	47	120	346	192	66	19	10	19	
13	49	123	352	194	67	20	13	26	
13	50	125	353	194	69	19	14	21	
14	50	124	352	194	70	17	16	17	
14	48	124	352	194	70	18	12	16	
13	48	126	352	195	71	18	12	6	
13	49	126	354	195	69	17	11	9	
15	50	126	357	195	69	17	10	15	
16	50	128	357	196	71	18	13	11	
16	49	129	356	197	69	17	14	16	
16	50	129	359	196	69	17	14	23	
15	50	128	360	196	70	18	14	15	
15	49	126	360	197	70	19	11	15	
16	50	126	357	197	70	18	10	17	
18	51	126	357	197	71	18	12	21	
17	51	123	350	194	70	18	14	28	
16	51	122	347	193	69	19	14	21	
16	51	121	341	189	68	20	14	17	
14	52	120	335	185	67	20	14	15	
15	51	115	326	178	66	20	14	10	
16	46	111	318	174	65	17	14	16	
15	43	106	300	165	60	15	13	19	
15	40	101	292	160	58	14	11	14	
15	37	94	267	146	53	11	9	16	
15	36	90	254	139	52	11	11	27	
13	31	74	209	114	44	5	12	25	
0	5	2	10	4	1	-5	3	19	
0	5	3	10	4	0	-3	6	55	
0	4	1	8	4	0	-7	4	31	
1	4	1	8	5	0	-7	3	6	
3	4	2	10	4	0	0	0	0	
0	0	0	0	0	0	0	5	13	
17	58	134	354	117	41	8	6	16	
19	64	148	395	133	47	11	6	13	
20	73	166	459	155	56	18	9	9	
24	75	172	479	159	57	18	10	15	
24	80	182	507	168	61	20	11	15	
25	81	188	532	175	65	19	12	18	
28	81	192	537	177	69	19	12	19	
27	80	189	532	177	68	18	11	15	
25	80	189	526	176	65	18	11	14	
26	80	184	514	173	64	19	11	14	
27	79	180	508	173	63	20	10	22	
26	77	176	491	169	60	19	10	20	
25	75	172	476	162	58	18	8	12	
27	73	172	469	160	60	18	10	9	
27	72	167	453	157	57	17	12	17	
24	71	162	448	156	57	17	10	22	
24	69	158	436	153	56	16	10	18	
20	67	157	433	152	53	16	10	18	
19	67	155	427	149	52	15	10	17	
20	66	155	422	148	49	15	10	11	
21	67	154	419	146	50	17	11	16	
22	65	148	405	144	53	16	11	19	
21	63	147	397	142	50	15	10	13	
19	63	144	382	137	48	15	10	15	
19	62	140	374	134	47	14	11	23	
19	58	129	354	130	47	15	8	18	
19	58	125	341	127	45	16	7	13	
16	54	116	310	116	40	13	8	15	
15	49	109	290	109	39	12	9	0	
0	7	3	10	16	4	0	-2	9	
-1	7	5	15	17	6	1	-2	9	
1	7	3	17	15	4	0	0	38	
1	7	3	15	14	3	-2	-2	37	
0	7	3	13	16	7	0	-3	13	
0	7	1	11	16	7	2	2	33	
0	5	2	11	14	4	0	-1	38	
1	5	4	10	13	5	-2	-4	3	
1	7	4	10	13	6	0	-2	6	
2	7	2	10	13	6	-1	-3	8	
1	7	2	12	14	5	-4	-6	8	
1	9	4	15	14	5	-3	-4	3	
1	9	3	14	16	6	0	-2	8	
21	62	135	391	186	73	24	9	18	
21	67	142	427	199	77	25	8	13	
21	74	155	443	203	78	27	8	16	
23	75	159	460	209	80	30	12	24	
23	74	158	461	211	82	29	12	21	
22	74	155	460	214	83	29	12	19	
22	73	160	464	214	81	28	11	25	
21	73	162	467	214	80	28	12	26	
20	71	158	464	214	79	30	12	23	
20	70	155	456	209	78	28	9	18	
22	71	154	443	207	78	24	9	19	
22	71	153	434	203	77	25	11	20	
21	66	147	430	199	76	26	11	17	
23	65	143	418	192	73	23	9	19	
22	65	143	414	192	72	23	12	20	
21	65	141	405	192	72	23	13	18	
22	64	137	403	190	72	20	10	22	
19	64	133	393	186	71	20	9	24	
19	64	133	385	182	72	22	12	20	
20	63	132	383	182	71	21	12	17	
20	62	132	385	184	70	21	11	17	
20	62	130	381	181	69	20	11	14	
18	62	131	377	180	66	19	11	14	
16	60	130	371	178	65	18	8	18	
17	59	126	370	177	66	18	8	25	
17	60	123	367	174	65	17	11	20	
15	60	123	360	172	62	17	11	14	
17	58	120	345	165	61	18	9	21	
18	55	116	336	159	60	16	9	18	
17	47	103	295	142	54	13	10	18	
16	43	88	257	128	50	14	10	24	
1	7	4	23	20	12	0	4	52	
2	8	3	21	21	10	0	4	38	
2	8	2	21	20	11	-1	2	9	
2	6	5	21	21	14	0	4	14	
2	7	3	21	21	16	0	6	36	
2	8	2	22	21	14	0	0	0	
0	0	0	0	137	52	14	15	16	
16	52	116	332	152	58	15	14	21	
18	53	137	390	176	69	16	14	16	
20	59	147	419	187	71	18	15	13	
21	66	158	462	201	77	19	14	19	
21	65	160	477	207	83	20	15	22	
21	66	167	494	221	86	20	16	19	
21	69	170	499	223	87	22	17	9	
19	69	170	501	222	84	23	17	13	
19	68	170	495	221	84	24	17	23	
21	68	167	489	219	85	24	17	18	
19	64	160	473	212	80	23	14	18	
18	63	155	465	210	78	24	15	20	
18	61	150	447	204	78	24	17	26	
18	59	147	438	196	75	23	13	24	
15	61	141	420	193	73	23	11	21	
15	60	139	412	187	71	19	11	23	
16	56	134	393	178	68	17	11	14	
16	55	131	382	174	64	17	12	12	
16	54	124	363	167	65	16	12	17	
14	51	119	353	160	61	17	11	10	
12	46	112	333	157	58	17	11	11	
12	46	110	325	153	57	16	13	28	
11	47	105	312	148	57	15	12	30	
9	46	103	306	146	54	13	10	19	
9	40	98	294	139	50	13	10	11	
9	40	97	290	138	50	13	12	11	
8	40	95	284	135	49	13	12	22	
8	39	93	284	133	48	14	9	27	
9	38	94	284	133	48	13	10	21	
10	37	95	284	133	48	12	10	14	
10	38	95	286	136	49	15	10	7	
9	39	97	285	137	50	15	12	12	
9	39	96	280	137	52	15	10	18	
13	40	95	277	137	53	16	8	13	
9	39	90	253	123	45	14	4	13	
1	6	7	21	17	6	-2	-1	29	
1	6	7	21	16	7	-2	-1	16	
0	3	8	22	14	6	-4	-1	20	
-3	3	8	22	14	3	-4	-3	24	
-4	3	8	22	16	2	-3	-3	24	
-1	3	9	22	15	3	-3	-7	16	
-1	6	10	26	15	4	-1	-3	19	
-1	8	18	44	28	10	0	-2	19	
1	11	26	60	39	20	2	-2	9	
7	19	44	103	66	26	4	-1	11	
8	24	54	131	99	37	9	0	7	
9	32	75	194	117	41	11	0	8	
9	34	84	225	134	55	15	2	14	
13	46	104	287	164	61	18	4	14	
14	52	115	313	180	70	24	5	17	
16	57	129	354	207	76	25	7	25	
16	58	134	368	217	79	25	10	26	
17	63	144	387	233	85	29	9	17	
16	65	145	396	238	89	32	9	17	
14	64	149	407	246	90	29	9	17	
15	64	151	414	250	92	28	10	20	
18	64	154	415	251	92	30	14	22	
18	64	152	413	251	92	31	15	17	
18	64	152	413	250	92	30	13	12	
18	63	149	408	246	88	28	11	21	
19	63	147	404	244	88	28	8	28	
17	61	146	394	239	86	26	10	21	
16	56	140	386	234	84	26	10	14	
16	57	137	381	230	84	27	8	16	
15	56	132	368	223	83	25	9	14	
15	53	131	364	219	80	24	9	17	
15	53	127	352	213	78	25	8	20	
16	53	127	345	212	79	25	12	16	
16	53	126	333	207	77	25	13	25	
14	52	121	329	201	71	25	10	28	
12	51	118	323	196	67	24	9	20	
13	44	111	301	188	68	20	9	14	
13	42	109	292	183	68	14	7	15	
12	40	101	274	167	62	14	7	16	
13	38	95	258	156	56	13	5	11	
0	5	10	28	22	6	-2	1	19	
1	6	11	27	22	8	-4	0	8	
2	5	9	25	22	9	-1	0	18	
1	2	8	26	19	7	-2	-1	29	
-2	2	8	28	20	5	-4	0	36	
-1	3	7	27	22	6	-2	0	19	
-1	4	7	27	22	8	-4	0	37	
0	5	7	28	19	8	-4	0	30	
0	4	7	28	20	7	-4	-2	-2	
0	3	6	26	21	8	-2	-2	12	
-1	4	6	24	22	7	-1	-1	4	
0	2	6	24	22	7	-3	-5	9	
3	2	7	25	19	9	-3	-6	25	
2	3	8	27	16	5	-4	-3	14	
-1	3	11	31	19	2	-4	-2	12	
0	7	27	66	33	7	0	-2	23	
0	10	35	87	40	11	1	-2	19	
4	18	50	138	56	19	1	0	15	
7	23	64	172	77	29	5	0	15	
11	35	95	252	89	33	8	0	15	
12	42	131	344	121	42	11	4	11	
14	53	149	385	136	48	13	7	12	
19	65	174	451	157	56	18	9	12	
19	70	184	477	165	57	21	10	12	
19	75	200	515	176	63	21	11	16	
23	76	204	525	178	65	20	9	18	
25	77	204	535	177	65	20	7	19	
24	76	202	533	176	63	21	7	14	
23	74	200	528	176	61	22	8	21	
24	76	195	518	174	62	21	8	20	
26	73	192	513	172	62	20	5	12	
25	69	188	495	168	61	20	6	13	
24	68	183	481	162	57	20	7	10	
24	68	180	476	160	55	19	6	11	
23	66	176	463	159	56	18	6	15	
23	65	176	457	158	56	18	5	15	
24	65	168	446	155	56	18	5	19	
26	65	166	442	153	52	16	8	18	
25	64	168	436	153	54	16	9	22	
22	64	165	434	152	55	17	8	22	
22	63	163	432	151	53	17	7	16	
22	63	162	431	150	54	16	7	22	
22	62	158	424	150	53	15	8	20	
22	60	157	416	148	52	15	8	17	
20	59	152	413	144	52	17	8	21	
20	59	150	399	141	50	17	8	21	
19	57	148	387	140	50	18	8	22	
19	55	142	354	128	43	15	8	19	
20	49	123	324	118	39	11	7	18	
18	41	106	0	0	0	0	0	0	
3	5	13	31	21	6	0	-4	32	
5	5	15	33	21	7	0	-4	20	
2	7	15	33	23	7	-1	-4	11	
1	7	15	30	23	6	0	-2	19	
5	5	14	28	22	7	0	-2	11	
6	5	14	28	21	5	-2	1	-16	
6	6	15	32	21	5	-2	1	-3	
6	6	13	31	21	7	-1	-1	13	
4	7	14	30	21	7	-1	3	-11	
3	6	15	33	22	7	-1	1	-14	
6	6	13	33	21	6	-3	-4	0	
8	8	14	31	21	6	-3	-5	13	
6	7	13	30	21	6	-3	-3	22	
3	5	13	31	22	4	-3	-1	13	
3	8	17	43	28	6	0	-1	1	
6	10	22	53	36	13	0	0	15	
9	13	37	84	41	14	-2	0	15	
10	15	54	123	58	19	5	0	8	
12	21	65	148	68	24	8	3	8	
12	31	88	205	91	32	10	6	14	
12	36	97	233	110	40	12	3	13	
16	47	117	280	119	44	14	5	20	
21	51	135	317	130	48	18	9	14	
25	57	141	331	135	49	19	6	5	
25	60	151	354	144	55	21	6	10	
25	60	156	367	146	57	21	6	11	
25	61	162	385	152	57	21	6	14	
27	62	162	386	156	63	21	7	18	
24	62	164	398	157	61	22	7	15	
22	62	165	404	157	58	24	5	10	
23	62	166	404	156	61	22	6	15	
22	63	164	400	154	61	21	6	16	
22	65	163	398	153	59	24	4	10	
22	65	161	397	151	58	23	4	11	
21	64	162	399	151	55	20	4	11	
21	61	163	402	151	55	20	3	20	
22	61	158	396	146	54	20	5	20	
20	61	156	389	141	52	20	6	14	
19	58	153	380	141	55	19	6	13	
20	57	148	369	140	54	18	4	15	
18	57	143	358	136	49	18	4	20	
16	55	136	334	126	45	17	3	19	
16	53	131	319	117	43	15	0	16	
16	44	112	273	108	41	11	-1	19	
16	39	88	207	86	31	8	-2	10	
3	4	14	28	17	1	-1	-5	32	
0	3	12	24	18	5	0	-6	16	
0	3	11	26	19	6	0	-6	12	
0	3	12	26	20	6	1	-2	29	
0	6	11	25	17	4	2	-4	9	
0	7	11	26	16	4	2	-3	-6	
1	5	12	27	17	5	0	-5	11	
1	4	13	26	18	5	0	-3	15	
0	4	13	25	18	4	-1	1	24	
0	5	12	28	18	5	1	2	19	
0	5	9	25	18	6	1	-2	7	
2	4	9	25	18	7	1	-3	27	
2	5	10	24	17	8	1	-5	32	
1	6	13	29	20	7	1	-2	16	
3	10	25	59	37	11	1	-3	9	
4	14	32	75	52	14	3	-3	13	
5	19	46	110	63	20	6	-2	13	
5	26	66	163	93	32	12	0	22	
8	33	76	193	111	36	16	2	15	
10	45	101	249	143	49	22	2	10	
13	48	113	271	154	59	23	8	17	
17	56	130	319	174	64	24	11	18	
16	58	141	353	189	69	24	10	16	
18	62	141	361	193	69	24	7	13	
20	64	146	376	200	73	28	7	14	
20	64	151	388	203	73	28	9	16	
21	65	155	393	204	71	28	9	19	
21	65	155	400	206	71	28	9	20	
21	65	156	403	205	71	29	9	11	
22	66	156	410	205	71	29	8	12	
21	66	155	411	204	69	26	7	21	
20	63	150	402	199	70	26	10	21	
18	63	146	386	196	70	26	12	12	
17	63	142	381	192	68	25	9	12	
18	60	137	370	186	63	25	6	16	
18	57	137	366	184	61	21	5	17	
18	56	134	354	176	59	21	7	12	
18	56	129	336	167	57	22	7	8	
14	48	118	325	163	55	21	5	5	
8	43	110	298	150	48	18	4	10	
11	41	104	281	141	42	17	5	17	
11	36	89	237	120	39	15	6	10	
8	34	0	0	0	0	0	0	0	
-2	5	11	19	17	0	0	-8	39	
0	7	8	18	17	0	0	-9	20	
0	8	8	19	19	0	0	-4	5	
0	9	9	19	19	0	0	-5	-5	
0	8	8	19	15	1	1	-3	-8	
0	7	8	19	15	2	0	-3	5	
1	7	8	18	17	2	-1	-4	4	
1	8	10	18	18	3	0	-2	5	
0	8	9	19	17	4	0	0	3	
1	9	8	19	14	4	-1	-2	-4	
0	9	8	19	14	1	-1	-2	3	
0	8	8	19	16	1	-1	-3	1	
1	8	9	21	17	3	-1	-4	1	
2	7	14	28	19	3	-2	-2	11	
2	16	31	66	32	8	0	0	7	
5	23	42	95	43	15	5	0	5	
9	33	71	171	70	24	6	1	4	
11	40	114	265	101	34	9	4	2	
18	58	135	308	114	40	11	6	2	
23	70	168	381	135	50	16	6	5	
27	76	179	411	142	53	18	4	1	
27	85	198	460	157	54	19	2	-1	
27	88	210	488	165	56	19	4	4	
28	89	213	494	165	57	19	6	3	
27	88	213	490	163	58	22	7	4	
27	88	213	487	162	57	23	7	0	
26	88	210	482	160	54	22	7	0	
24	88	204	472	157	53	20	5	3	
23	85	202	467	156	54	20	5	-3	
26	84	198	454	151	54	21	7	3	
26	82	195	449	147	54	15	8	5	
23	82	189	434	145	51	16	6	0	
22	82	187	425	141	48	16	3	3	
21	76	185	412	139	48	13	6	1	
21	73	180	400	137	46	13	8	3	
20	72	176	394	134	46	13	6	0	
20	70	169	382	129	44	13	6	-1	
21	71	166	368	126	42	11	2	-5	
19	70	161	362	125	40	11	3	4	
18	67	152	345	118	36	11	3	4	
19	64	145	336	114	36	10	0	0	
16	55	136	312	106	36	8	1	0	
13	50	130	293	100	31	5	3	4	
0	0	0	0	18	6	-5	0	20	
0	6	11	20	18	6	-5	0	17	
0	5	11	20	19	5	-4	-3	2	
-3	8	11	20	18	2	-5	-3	5	
-2	7	11	19	18	3	-7	-4	-1	
-1	7	11	20	19	3	-6	-5	8	
0	8	10	23	17	5	-6	-3	7	
1	8	10	22	16	7	-3	-2	4	
1	8	11	21	20	6	-1	-2	29	
1	7	12	21	21	6	-1	-1	16	
0	7	11	18	19	5	-1	-2	-3	
2	7	11	18	18	6	-2	-3	5	
2	9	16	28	22	7	-1	-1	0	
1	12	20	40	26	7	-1	-1	2	
5	18	40	82	37	11	-1	0	6	
9	23	54	113	46	17	1	3	2	
13	35	84	190	69	28	6	1	5	
13	43	101	231	82	32	9	2	13	
19	56	136	315	108	42	14	6	7	
20	61	151	351	120	42	15	7	0	
20	70	172	401	135	46	17	8	0	
24	72	179	414	139	51	15	8	-7	
27	77	188	436	145	53	16	11	-5	
27	77	190	445	147	53	16	8	0	
28	79	195	451	147	52	15	8	3	
26	81	198	453	147	53	16	9	3	
25	82	198	452	148	56	17	7	7	
25	82	197	450	147	57	18	10	6	
26	81	194	445	146	54	18	9	3	
24	76	190	432	143	54	18	6	2	
24	75	189	422	139	55	17	8	9	
23	75	182	414	139	55	17	10	15	
22	71	176	393	137	52	16	9	4	
22	68	170	381	133	51	16	9	3	
21	62	154	346	122	47	13	10	12	
18	58	144	322	106	40	12	8	7	
17	48	122	270	97	36	8	8	-1	
15	0	0	0	0	0	0	0	0	
0	0	0	0	-13	-7	0	2	29	
0	0	110	422	119	42	10	10	17	
8	47	105	418	119	43	10	7	12	
10	47	101	405	115	40	9	6	1	
14	47	100	397	112	40	9	5	0	
13	45	97	381	108	39	8	6	7	
10	42	89	363	102	37	7	7	4	
9	38	84	343	96	34	8	6	3	
8	36	83	316	87	35	6	7	9	
6	30	71	300	82	33	4	8	12	
5	29	56	259	69	26	4	6	12	
4	27	47	231	58	22	4	0	0	
4	4	23	0	16	6	11	-2	10	
4	4	24	-1	16	8	13	-1	5	
4	5	24	0	17	10	16	1	22	
4	5	23	2	18	7	15	1	20	
4	5	23	0	16	6	13	0	-7	
6	6	23	0	15	8	14	0	-4	
6	6	21	0	17	8	13	-1	-4	
2	6	21	-2	15	4	12	-3	-4	
2	5	21	-5	13	4	14	0	-6	
1	2	18	-13	9	3	14	0	0	
0	2	18	-26	0	0	13	0	-4	
1	2	10	-33	-5	-1	13	-2	-6	
1	-1	0	-53	-20	-6	11	-4	-3	
1	-3	-6	-70	-33	-16	9	-4	-3	
0	0	0	0	0	0	0	0	7	
7	25	46	42	33	28	15	5	0	
7	25	52	59	48	32	15	5	-5	
6	26	57	78	61	35	14	6	-4	
8	28	58	81	60	36	12	4	-16	
9	30	56	81	60	37	15	5	-21	
9	29	55	83	60	36	15	9	-1	
4	29	56	80	59	34	15	7	-1	
3	26	56	80	60	35	16	5	2	
5	26	55	84	60	36	17	7	-9	
7	27	56	84	60	38	18	9	-6	
7	26	55	82	58	39	18	8	14	
4	26	55	84	58	37	18	7	9	
4	27	53	85	59	36	17	4	-8	
3	27	53	81	59	35	17	2	-10	
3	26	53	80	59	36	17	5	5	
4	26	53	81	58	38	15	7	4	
4	27	55	83	59	38	15	7	10	
4	26	55	84	60	38	16	12	11	
6	26	55	84	59	38	17	9	4	
5	25	55	82	59	41	18	9	4	
5	24	55	81	59	41	17	12	-1	
5	25	54	84	59	40	19	10	10	
5	25	54	77	58	39	20	9	5	
4	23	50	63	55	37	20	10	-2	
3	21	45	32	41	34	17	6	2	
0	16	33	14	34	31	12	6	4	
-2	13	14	-36	14	22	9	4	2	
14	21	75	303	78	10	1	2	0	
12	22	75	309	79	10	1	0	1	
12	22	75	313	78	10	-1	0	0	
15	25	77	314	78	10	0	0	-1	
14	24	77	310	78	8	1	0	-4	
13	21	75	305	77	6	0	0	-6	
15	21	74	300	76	6	0	0	-13	
16	20	73	300	76	7	0	0	-10	
15	19	73	289	75	5	0	3	-5	
15	17	69	278	71	3	-1	2	-10	
14	17	66	273	70	2	-1	0	-9	
13	17	62	259	66	3	-1	-2	-1	
12	12	54	243	61	1	0	-2	-1	
11	11	49	224	54	-1	-2	-1	-4	
12	10	48	211	50	-2	-5	-2	-11	
11	7	42	195	43	-3	-5	-4	0	
11	6	39	189	42	-4	-3	-3	6	
11	5	33	167	37	-7	-7	-4	0	
11	26	70	240	125	36	8	6	7	
12	27	74	255	132	39	8	4	3	
10	28	80	276	146	41	9	7	2	
9	27	80	281	146	41	9	7	5	
9	27	82	286	146	42	10	7	10	
11	28	87	291	149	43	10	9	2	
10	28	88	295	150	44	10	10	2	
8	27	85	295	150	43	11	9	9	
8	26	84	293	148	42	10	8	4	
11	26	83	289	146	44	9	8	10	
13	26	83	283	145	43	11	9	15	
13	26	83	276	141	40	8	8	1	
8	25	78	272	138	38	9	8	4	
9	25	77	267	132	37	9	8	0	
12	26	77	265	132	37	8	7	-3	
12	24	71	255	131	36	8	6	0	
11	23	68	244	123	32	6	5	2	
11	21	67	239	118	32	6	5	-1	
12	21	64	228	111	31	5	4	-3	
9	21	62	220	108	28	6	5	4	
8	19	54	200	99	26	6	5	4	
9	17	49	179	86	21	4	3	6	
7	13	45	168	81	19	3	4	0	
-3	-7	-21	-37	-25	-12	-9	0	14	
0	0	0	0	0	15	8	3	-2	
9	24	39	60	45	22	13	5	1	
11	30	67	129	74	31	19	8	-3	
15	34	72	143	79	34	18	9	1	
13	32	71	139	81	33	20	11	19	
11	32	68	139	80	32	21	5	10	
12	32	69	141	78	33	17	3	-12	
12	33	70	141	82	33	17	9	0	
10	34	69	141	83	32	19	9	0	
10	33	70	143	83	31	18	10	-37	
14	33	71	143	83	32	18	12	-37	
14	33	70	143	84	32	19	11	-17	
12	33	70	143	83	32	20	11	0	
10	33	69	143	82	32	22	14	6	
11	32	70	144	81	31	20	13	1	
13	32	68	148	79	29	18	9	1	
11	33	68	148	80	31	20	10	3	
11	33	71	145	81	32	19	12	-2	
14	32	71	143	81	32	14	11	-5	
16	30	69	143	79	32	15	8	-24	
12	30	71	144	78	32	20	12	-3	
12	32	73	145	78	32	17	11	0	
11	32	72	145	79	30	16	12	-14	
12	31	72	144	79	30	17	13	-15	
15	31	72	143	79	30	16	10	-15	
14	33	70	143	79	31	16	9	4	
12	31	71	143	78	32	16	11	14	
12	31	73	145	79	33	15	15	8	
13	32	72	145	78	31	15	13	-8	
13	30	72	145	77	32	17	13	-8	
14	28	70	144	79	34	16	13	-4	
14	28	70	142	79	34	17	16	-8	
13	30	70	144	79	34	18	14	-20	
14	31	69	145	79	33	18	9	4	
14	32	68	142	80	31	18	8	-1	
13	31	68	141	82	30	17	11	-1	
13	30	70	144	82	30	18	14	4	
15	31	71	144	81	33	20	13	19	
16	31	71	144	80	33	19	14	16	
14	30	71	144	80	33	18	14	8	
14	31	70	145	79	33	18	13	14	
14	31	70	145	79	33	17	11	11	
15	29	70	143	78	31	13	7	-3	
15	29	71	143	76	30	12	5	-2	
14	30	72	144	76	31	14	7	-2	
13	30	70	145	76	31	16	8	-13	
13	32	74	145	78	32	17	8	-24	
13	31	74	145	79	31	17	6	-4	
16	27	71	146	76	31	16	6	14	
17	28	72	146	76	31	16	8	-3	
17	29	72	143	77	29	16	6	-13	
15	29	72	141	77	29	16	2	-20	
15	30	71	145	74	30	15	4	-21	
16	29	71	146	75	30	15	6	-5	
17	29	72	145	78	31	17	5	5	
17	30	72	137	75	31	17	4	-12	
13	28	70	131	72	29	16	7	-16	
12	26	63	116	66	28	15	7	3	
12	25	55	104	61	28	14	7	4	
8	17	41	45	60	29	10	7	-4	
11	28	64	111	72	33	13	6	-3	
11	30	69	144	84	38	18	8	12	
13	31	72	146	84	37	19	9	11	
12	32	72	146	83	39	19	6	-17	
12	31	73	143	83	41	19	5	-3	
16	32	74	143	85	41	18	6	22	
16	34	74	146	84	40	19	8	6	
14	35	75	148	84	40	20	9	7	
14	35	72	146	84	41	21	11	14	
14	33	71	145	83	40	19	7	18	
12	33	72	146	82	40	17	7	6	
11	32	72	147	82	39	18	9	7	
11	32	70	147	83	40	19	9	-11	
12	33	70	144	83	40	20	4	-7	
12	33	73	144	82	39	18	6	13	
13	32	73	144	82	39	17	8	8	
12	30	74	147	82	39	18	10	15	
13	30	73	148	82	39	18	7	21	
15	31	73	150	82	40	18	6	9	
13	31	74	149	82	41	19	8	8	
12	32	70	147	82	38	20	7	14	
12	32	70	148	81	38	18	7	14	
9	31	71	147	81	38	18	5	-9	
9	33	71	146	81	37	17	6	-13	
11	33	71	150	81	38	15	7	3	
11	33	71	148	80	39	16	5	-11	
10	33	71	148	80	39	16	6	3	
10	33	71	149	82	38	15	7	1	
10	36	72	146	82	36	17	7	-13	
10	36	71	146	81	38	17	8	6	
12	36	70	147	77	40	16	9	4	
12	36	71	147	77	39	15	9	-19	
12	37	70	148	80	40	15	5	-27	
11	37	70	149	80	40	16	5	-13	
10	38	70	144	78	38	16	9	-2	
11	38	68	139	76	38	18	11	-5	
10	35	67	133	75	37	17	11	1	
7	31	60	103	63	33	14	10	2	
7	28	51	81	55	0	0	0	0	
0	0	0	0	0	0	18	7	-5	
5	35	64	119	71	38	20	7	-15	
9	38	72	144	81	39	21	9	1	
9	39	71	147	82	40	21	8	13	
9	39	71	147	82	42	21	6	-1	
8	39	74	146	82	39	18	5	-23	
7	39	73	143	82	38	19	7	-24	
10	40	72	145	82	40	19	6	-13	
10	40	73	148	81	40	21	6	-6	
9	37	72	144	82	41	22	7	-8	
11	37	73	144	84	44	21	8	-1	
12	39	73	145	82	41	17	5	-1	
12	39	72	145	81	38	17	4	-6	
14	39	72	148	81	42	19	5	-9	
14	41	71	146	83	42	20	6	-22	
7	41	70	143	83	37	22	3	-10	
3	39	70	145	81	38	22	3	-2	
7	38	70	146	81	40	20	4	-2	
12	37	71	146	82	41	20	6	-1	
11	38	70	144	81	40	20	8	-9	
10	39	70	146	80	39	19	7	-12	
9	40	70	147	80	38	19	5	5	
9	40	69	143	80	38	22	5	-16	
11	39	69	145	80	43	22	5	-23	
12	38	70	145	81	43	21	4	-20	
8	38	71	144	83	37	21	4	-8	
7	38	68	145	81	37	21	4	-2	
7	35	67	144	79	39	21	3	-35	
6	36	70	144	79	41	22	6	-37	
6	35	67	144	79	41	20	3	-13	
8	35	67	144	79	39	19	1	0	
9	36	70	145	79	39	20	4	19	
9	37	70	143	79	39	18	4	0	
9	39	70	144	79	39	18	4	-22	
9	39	70	145	80	40	20	4	-2	
7	37	69	145	81	40	20	3	0	
7	39	69	146	80	40	20	3	-7	
9	39	69	143	80	41	22	5	-2	
9	39	68	143	81	40	24	6	-13	
8	37	68	146	81	41	23	5	-7	
8	39	70	148	80	43	23	6	14	
11	40	70	150	80	42	22	1	14	
9	38	71	150	80	39	22	2	-9	
6	39	71	149	80	39	22	8	1	
8	39	67	148	81	39	24	6	3	
7	37	68	147	82	40	25	8	-31	
7	40	69	147	80	40	23	8	-33	
7	40	69	147	79	38	21	3	-28	
6	40	69	148	79	37	21	4	0	
7	38	70	148	79	38	20	5	-5	
8	37	70	147	80	39	18	6	6	
10	37	69	147	80	41	20	6	-21	
10	37	70	146	79	41	21	3	-26	
7	37	71	146	79	40	21	7	-3	
7	35	68	148	81	39	23	5	5	
7	34	68	148	80	38	23	8	12	
5	34	68	149	80	38	23	10	-11	
4	34	68	149	80	38	23	9	-21	
7	35	68	149	80	40	23	8	-6	
7	36	66	148	78	40	23	4	6	
9	36	67	148	78	39	24	4	14	
9	36	68	149	80	40	24	7	5	
8	36	68	150	79	40	23	9	-5	
6	34	68	149	79	39	25	9	0	
6	35	68	149	80	39	23	8	16	
9	35	67	149	80	41	23	4	12	
9	33	66	151	79	42	22	4	4	
6	32	69	150	79	41	23	9	-4	
5	33	69	149	79	40	22	4	-16	
6	32	69	150	78	40	21	0	-21	
7	32	70	150	80	40	22	5	-34	
7	34	69	147	80	41	22	7	-17	
6	35	70	148	81	41	22	10	3	
4	34	70	150	82	40	21	11	2	
3	32	68	150	82	38	21	10	16	
2	32	69	152	83	38	23	11	10	
4	33	71	153	82	38	21	11	-1	
5	35	71	151	80	38	19	8	-5	
7	35	71	151	81	40	23	11	4	
7	33	70	152	81	41	22	7	12	
6	33	71	152	81	42	20	7	9	
8	34	73	154	82	40	20	8	-7	
8	34	72	154	81	39	19	6	-49	
7	34	72	153	82	40	18	5	-33	
7	32	77	154	82	40	18	10	-6	
8	32	78	155	82	38	19	11	-8	
9	33	75	155	82	38	20	9	4	
9	34	75	155	80	36	22	7	-14	
11	33	76	155	81	36	20	7	-31	
11	32	76	154	82	40	20	9	1	
11	33	76	157	83	40	23	7	-15	
9	30	72	157	83	39	23	6	-32	
7	30	71	154	82	39	22	8	-3	
8	30	72	153	82	40	21	7	0	
9	30	72	154	80	38	21	5	-4	
10	31	72	154	81	39	19	1	5	
10	32	71	154	81	39	19	4	14	
10	32	72	155	82	37	20	9	-7	
9	32	72	155	82	36	20	11	-6	
7	32	71	156	83	35	19	9	0	
8	32	71	156	83	38	22	7	16	
8	32	70	156	81	38	22	7	14	
8	30	70	155	82	37	22	9	4	
6	30	70	154	82	32	21	7	3	
5	30	71	155	81	31	20	2	-18	
7	32	72	156	81	35	21	3	0	
7	31	70	157	81	35	20	5	13	
8	30	68	156	82	35	19	6	-2	
10	31	69	154	82	35	19	8	-8	
11	34	69	154	82	35	22	4	-2	
9	34	69	154	83	35	22	3	14	
8	31	69	155	82	34	19	6	14	
10	31	69	156	81	35	20	6	0	
9	31	69	154	82	37	22	10	-13	
7	31	69	155	82	37	22	12	-6	
7	30	69	155	82	36	20	10	-1	
6	30	69	151	81	36	18	6	-1	
7	31	69	155	81	37	18	3	-1	
9	32	69	157	82	35	18	1	2	
8	31	69	154	82	33	18	3	-5	
8	28	68	154	81	35	17	6	-7	
8	30	69	153	80	35	17	6	-1	
7	33	67	155	81	35	16	6	-3	
7	33	67	156	83	36	16	9	0	
9	34	67	154	83	38	17	13	-1	
7	32	67	152	83	36	17	10	-8	
2	32	67	150	84	33	19	10	-9	
2	32	67	152	82	33	19	6	6	
5	30	68	154	82	36	18	6	33	
5	31	67	154	84	38	19	7	32	
5	31	66	154	83	38	19	7	0	
5	30	66	153	83	35	19	7	5	
6	31	68	154	83	36	20	6	-2	
6	33	68	154	83	36	19	4	-22	
6	33	67	153	82	35	18	6	-7	
6	33	68	153	81	35	17	8	7	
5	34	69	157	81	35	17	6	7	
4	33	68	156	83	35	18	6	-4	
6	33	67	151	84	34	18	8	0	
6	34	67	152	82	34	17	7	1	
6	35	67	154	82	35	17	7	-16	
7	40	68	151	81	36	18	8	-11	
8	40	70	151	84	38	18	9	7	
9	37	70	156	85	36	17	9	0	
9	37	69	158	84	35	17	9	0	
9	37	70	158	85	35	16	2	-12	
7	37	69	156	84	34	16	-1	13	
8	37	69	152	82	34	18	6	-5	
7	38	69	154	82	34	19	9	-3	
7	38	68	155	82	36	19	7	-12	
7	37	68	154	83	35	18	5	-31	
8	36	63	154	82	35	17	3	-8	
8	36	66	155	81	34	18	5	14	
6	36	71	155	82	34	19	10	4	
5	36	68	152	82	35	20	11	23	
7	37	67	153	84	37	21	10	25	
7	36	69	155	84	35	18	10	-4	
7	36	69	154	81	35	18	11	-2	
7	36	69	155	81	34	19	11	-2	
7	35	70	156	82	33	18	8	-9	
6	37	69	154	82	33	20	7	-16	
6	35	67	154	82	34	19	8	0	
6	34	66	154	82	34	17	8	1	
6	37	68	152	82	35	19	10	20	
5	36	68	152	82	34	20	13	13	
6	35	69	153	81	31	21	12	7	
7	35	69	153	82	33	21	10	2	
6	37	68	154	83	34	22	8	-1	
7	39	69	154	82	34	20	6	7	
7	37	72	154	82	34	17	7	12	
7	37	72	154	83	36	19	9	4	
7	39	71	153	82	37	23	13	24	
7	38	68	151	79	37	22	12	-6	
6	38	68	151	80	36	22	10	-35	
7	37	68	152	81	35	24	11	-19	
8	37	68	153	80	37	25	11	-12	
6	38	71	155	80	36	24	14	5	
6	38	72	155	81	35	22	15	-26	
2	40	70	153	82	35	23	11	-41	
2	41	70	151	82	35	22	9	1	
6	41	71	152	82	36	22	10	0	
5	40	71	151	81	36	24	9	5	
4	37	70	151	82	35	24	8	27	
5	37	70	150	82	36	23	8	14	
5	40	71	152	82	36	24	9	1	
5	41	70	152	82	36	25	13	20	
8	40	66	153	82	37	26	9	-3	
9	39	65	153	82	36	23	5	-30	
7	40	66	153	80	35	21	11	-15	
6	41	68	153	80	35	23	12	-4	
5	39	70	152	81	36	23	10	11	
5	38	70	152	81	35	22	12	9	
5	38	70	153	83	34	23	9	-16	
7	39	70	154	83	33	25	9	-4	
6	39	68	151	83	32	25	8	2	
5	39	68	149	83	32	25	8	18	
6	39	67	152	83	35	25	10	36	
6	39	67	154	84	36	25	10	18	
7	39	67	151	85	36	24	11	0	
7	40	67	150	86	36	25	12	-3	
7	38	69	153	85	35	22	10	-26	
7	38	70	154	82	33	21	9	-2	
8	40	69	153	81	33	23	11	21	
7	40	68	152	83	33	23	9	2	
6	41	69	152	83	34	24	7	13	
4	40	68	152	81	32	24	8	19	
4	38	68	152	83	32	21	11	-11	
2	39	68	152	82	32	22	11	0	
3	40	68	152	83	32	21	11	-4	
3	40	69	153	84	33	21	11	6	
2	38	69	153	84	33	21	11	12	
5	38	65	154	83	33	23	9	10	
6	39	64	152	83	33	22	9	3	
7	40	67	151	83	31	19	9	-5	
7	40	67	152	84	29	22	7	-18	
7	41	69	151	85	29	23	10	-14	
6	42	69	148	84	31	21	14	-11	
7	41	67	150	83	34	22	11	-17	
7	40	69	152	84	35	25	11	0	
4	41	69	152	84	34	25	13	14	
3	40	71	152	83	32	21	14	-2	
5	40	71	152	83	31	20	16	0	
5	40	68	151	81	31	20	9	0	
3	40	67	146	81	32	21	6	-16	
4	39	67	147	81	33	22	11	-5	
2	41	69	150	81	32	23	12	-7	
3	42	70	150	80	31	24	11	-6	
3	39	68	151	79	31	24	9	-37	
7	39	69	156	80	35	22	7	-45	
7	39	72	156	81	36	21	8	-21	
2	37	72	151	81	35	23	14	-9	
0	37	72	151	80	32	24	14	10	
3	40	71	153	78	30	23	10	13	
6	41	69	155	78	32	24	10	19	
6	40	69	155	78	33	25	9	0	
6	41	69	154	78	35	28	11	-4	
6	41	70	154	78	36	28	14	-7	
4	39	71	154	78	35	24	7	-8	
3	39	70	154	78	35	23	4	-5	
3	38	70	152	79	36	23	9	-10	
2	38	70	150	80	36	25	11	-12	
2	38	70	152	78	34	24	13	-25	
2	40	71	153	76	34	24	16	-16	
3	41	71	153	77	34	23	12	-1	
6	41	71	155	78	37	23	11	2	
6	41	70	155	78	35	24	13	12	
5	39	70	155	78	35	24	14	-4	
7	40	68	155	78	38	25	11	-14	
5	39	68	154	78	37	26	10	-10	
3	37	70	153	78	37	26	12	-12	
1	39	70	153	78	34	28	12	-21	
3	37	71	152	79	35	30	11	-29	
6	35	71	151	79	38	28	14	-23	
4	36	71	151	78	33	26	14	-7	
4	37	71	152	77	33	26	13	-15	
6	38	70	152	76	33	27	9	-9	
7	39	71	156	76	33	27	10	14	
7	39	71	156	78	34	25	14	5	
7	38	70	154	78	34	26	13	-7	
9	37	72	153	76	32	27	13	3	
9	38	73	153	75	33	25	10	4	
8	38	70	155	76	34	23	7	-24	
7	36	69	155	77	34	20	12	-14	
7	37	70	155	77	34	20	12	-1	
7	38	70	155	77	32	24	8	-4	
7	36	71	155	77	31	25	16	-1	
7	35	72	156	75	33	21	19	7	
6	35	70	158	75	35	21	15	10	
6	35	70	155	75	34	23	15	10	
5	35	70	150	76	32	23	13	7	
5	35	70	151	75	32	20	8	6	
5	34	70	154	75	33	16	9	2	
4	34	70	155	76	34	18	12	-6	
4	34	70	154	76	34	20	13	2	
6	33	68	150	75	32	21	15	19	
6	34	66	150	76	31	21	12	0	
4	37	68	153	75	31	21	13	-5	
6	37	70	157	74	30	25	15	-1	
7	35	70	158	74	32	23	13	-11	
6	35	68	155	74	35	22	10	-19	
3	35	70	155	74	34	23	12	-5	
5	33	71	155	74	34	23	12	-1	
6	33	69	153	73	35	23	12	-32	
5	33	66	152	72	34	22	12	-27	
3	32	66	152	72	33	23	10	-28	
2	34	68	151	71	33	22	11	-27	
4	35	68	151	73	32	20	14	-3	
3	35	66	153	76	32	22	13	-28	
3	34	68	153	76	32	23	12	-4	
4	33	68	153	74	31	20	12	13	
3	33	66	153	74	31	21	12	-13	
4	35	67	153	75	34	23	12	-7	
4	35	68	154	75	34	22	9	-3	
5	35	70	154	74	30	21	7	1	
5	36	70	154	75	30	20	8	1	
3	36	71	153	75	31	20	12	-9	
3	36	71	153	74	32	19	11	-16	
3	35	70	154	74	32	19	11	-17	
3	35	70	154	76	32	23	12	0	
2	35	70	154	76	33	24	11	-16	
0	31	70	154	73	33	24	10	-14	
3	32	70	154	73	33	23	7	-2	
3	33	70	155	73	31	21	5	-5	
1	33	69	153	74	30	20	7	-17	
4	33	70	152	74	33	20	12	-11	
2	33	70	153	75	31	20	10	-18	
2	33	70	154	74	32	19	10	-39	
4	33	73	155	73	35	20	15	-16	
4	34	73	155	76	36	23	15	7	
4	35	72	156	76	36	22	14	0	
3	37	69	154	75	36	23	13	22	
3	36	69	152	74	34	22	11	22	
3	32	69	152	74	34	19	11	3	
2	32	68	152	74	35	21	10	-1	
2	33	68	151	73	34	24	13	1	
2	32	68	152	74	33	21	13	-2	
