4	32	70	153	75	34	22	13	-7	
4	30	70	151	75	35	20	13	-23	
4	31	70	152	75	35	20	13	-46	
0	-23	-50	-104	-52	-22	-14	-7	23	
0	0	0	99	49	20	17	9	22	
0	21	45	96	49	21	15	9	-7	
1	21	44	95	49	22	13	9	-24	
3	20	44	95	51	22	12	9	-2	
2	21	45	95	52	23	14	9	-6	
2	21	45	96	51	22	17	7	-3	
1	21	42	96	52	21	17	2	-22	
1	21	40	96	51	21	16	3	-23	
2	20	43	98	50	21	14	7	-11	
2	21	45	98	49	21	13	7	-7	
2	21	45	96	49	20	13	5	-11	
1	23	45	96	49	22	14	4	-11	
2	23	45	97	49	23	13	5	-1	
5	22	43	97	48	23	13	4	-7	
4	22	43	97	47	22	13	2	4	
1	23	43	98	48	22	13	2	7	
0	22	43	97	51	26	14	3	-28	
0	22	45	95	52	26	14	4	-24	
0	22	45	95	51	25	15	6	8	
0	22	44	96	51	24	15	5	-17	
0	20	44	97	52	24	12	5	-25	
2	19	45	97	51	28	11	5	8	
1	21	45	96	50	27	12	4	4	
0	22	44	98	49	27	11	4	8	
1	22	43	96	49	27	13	4	2	
2	23	43	92	50	27	15	5	-9	
4	23	41	94	50	27	13	2	-9	
3	23	41	95	49	28	13	3	-1	
2	22	45	94	47	28	13	6	8	
2	21	45	95	48	27	11	3	-2	
2	21	43	95	49	27	11	0	-5	
2	21	43	96	50	28	13	0	-3	
1	21	43	94	51	27	12	3	-9	
2	23	42	96	51	26	11	0	-24	
3	24	43	98	51	27	12	0	-7	
3	24	45	96	52	27	12	3	0	
3	25	45	95	51	27	13	0	-23	
3	20	42	95	50	26	13	0	-27	
4	18	41	95	50	27	13	0	-9	
2	18	42	96	50	28	13	4	-3	
3	20	44	97	52	28	13	5	0	
6	22	43	96	51	28	14	3	13	
6	23	42	93	49	28	14	0	-27	
5	23	46	93	50	27	14	1	-38	
6	23	46	96	51	27	14	3	-1	
4	24	45	97	51	28	15	2	-6	
4	22	45	97	49	29	14	1	-12	
5	20	44	96	49	28	13	0	-9	
4	21	45	96	51	29	16	2	-19	
3	21	45	95	51	31	15	5	-16	
3	21	44	95	52	32	14	5	0	
3	20	45	97	52	33	15	6	-28	
3	20	43	98	51	32	15	6	-36	
3	21	41	94	51	30	14	2	-16	
3	21	43	93	50	30	14	3	-17	
1	21	43	96	50	30	13	6	3	
1	21	43	96	50	30	12	4	2	
4	22	43	96	49	31	13	0	-16	
3	22	42	97	51	32	14	0	-9	
3	21	40	97	54	32	15	-1	-11	
4	21	41	97	55	33	15	0	-25	
1	22	44	97	54	30	15	5	-2	
1	22	45	97	55	30	15	3	7	
3	23	44	97	55	30	15	1	-16	
3	23	42	97	53	30	15	0	-3	
4	23	43	97	52	33	15	1	-4	
3	23	43	95	52	32	15	1	-15	
1	23	43	94	53	31	16	3	-6	
1	22	42	94	53	31	15	1	-10	
3	23	41	94	53	32	18	4	3	
3	24	43	95	52	33	17	0	-5	
1	25	43	95	51	31	14	0	-37	
3	26	44	94	52	32	16	3	-23	
3	25	44	93	52	34	16	5	0	
1	25	45	97	54	35	17	0	4	
1	26	45	97	54	34	17	0	-30	
-1	26	43	96	54	31	15	2	-37	
-2	25	41	95	53	31	15	2	-18	
-2	25	41	95	53	33	16	2	-22	
0	25	43	97	52	33	16	3	-21	
1	24	45	98	52	32	14	2	2	
1	25	45	97	50	33	15	0	-11	
1	26	43	95	50	33	16	0	-10	
2	24	44	92	53	32	16	0	-28	
2	24	42	92	53	33	17	0	-44	
0	24	39	95	52	32	17	-1	-32	
1	26	41	97	52	30	16	-1	-17	
2	25	42	101	53	32	17	0	-33	
3	25	39	100	55	33	19	2	-23	
3	25	40	96	54	33	18	2	0	
1	24	43	95	52	31	16	0	-4	
1	23	43	95	52	31	16	0	-2	
-1	22	41	96	52	30	14	1	1	
-2	24	41	96	53	30	13	3	-13	
0	24	40	94	54	32	16	2	-16	
2	23	40	94	55	31	14	1	-7	
2	23	40	94	54	31	13	2	-9	
2	23	41	95	50	30	13	4	-19	
3	24	43	95	50	31	13	4	-10	
4	22	42	95	52	32	14	4	1	
0	22	42	98	52	31	14	3	0	
-1	24	42	98	53	32	17	2	-23	
1	25	41	95	54	33	16	2	-31	
4	25	41	95	55	32	15	2	-16	
4	25	43	97	55	32	16	3	-15	
1	24	42	97	57	31	16	4	-18	
2	24	40	96	56	30	16	3	-9	
4	24	40	96	54	32	17	6	15	
4	24	40	96	55	33	18	4	9	
3	24	42	97	55	32	19	4	-3	
4	27	44	97	54	32	20	2	7	
3	27	43	97	53	33	19	1	5	
2	23	42	97	53	33	18	4	8	
2	22	41	95	55	32	17	4	6	
2	20	39	95	56	32	16	3	0	
2	20	39	94	56	32	16	2	16	
2	23	39	94	56	34	16	0	-14	
1	23	41	95	56	33	14	2	-36	
1	22	42	95	54	32	13	2	-14	
1	21	41	94	54	31	15	0	-14	
1	21	43	94	55	31	15	0	-7	
0	20	43	96	55	29	14	1	4	
0	21	41	96	55	29	14	2	-4	
0	21	40	96	57	31	13	4	-5	
0	20	42	96	57	32	13	4	-2	
0	21	44	95	56	31	11	3	-30	
-1	21	43	96	56	31	12	1	-43	
-1	21	43	97	55	31	15	1	-23	
0	22	43	96	55	30	14	2	-12	
-1	23	39	95	55	31	15	1	-8	
-2	23	39	95	54	32	16	2	-8	
0	22	41	94	54	31	14	3	-11	
1	22	41	94	55	32	14	4	-9	
0	24	40	98	55	31	15	1	-9	
0	23	40	98	54	32	14	3	14	
0	23	43	97	54	32	15	7	-23	
0	23	43	97	56	30	15	5	-46	
0	22	43	96	57	31	15	3	-12	
-1	22	43	96	55	31	15	1	-12	
0	23	44	97	55	29	12	0	-4	
0	22	43	98	56	29	12	0	-5	
0	21	45	99	57	30	12	4	-12	
0	23	47	98	56	29	9	3	-10	
0	23	46	100	57	30	9	3	-17	
-1	22	45	100	57	30	9	1	-43	
-1	24	44	96	53	29	11	0	-36	
-1	24	44	96	53	27	13	2	-16	
-3	24	41	96	54	27	14	2	-19	
-2	24	40	96	54	31	14	0	-15	
1	23	42	95	53	31	10	2	-10	
1	23	43	95	52	30	9	5	-11	
2	24	41	95	52	32	11	1	-11	
2	23	40	95	53	31	12	1	-25	
-1	23	42	95	53	28	11	0	-21	
-1	25	46	96	52	27	11	-1	-22	
-1	25	47	97	52	27	11	1	-13	
-1	26	46	98	51	27	11	0	-6	
-1	26	46	97	52	27	10	0	3	
0	26	45	95	52	25	9	0	-1	
0	28	46	96	53	27	9	0	-27	
4	28	46	96	53	29	9	2	-12	
4	27	46	96	51	29	9	3	-18	
2	27	46	97	53	25	8	4	-11	
2	28	47	98	54	24	8	0	0	
2	28	45	99	54	25	11	0	-3	
3	26	44	98	52	26	12	1	-17	
3	26	44	99	53	26	10	-2	-34	
2	26	43	98	52	25	10	-3	-35	
3	27	43	97	52	25	10	0	-5	
3	27	44	96	52	25	9	3	-15	
3	27	43	95	53	25	10	2	-4	
5	28	43	98	54	24	10	2	-19	
2	26	42	97	53	23	9	3	-25	
0	25	43	98	52	24	8	3	-9	
3	27	45	98	52	24	9	6	2	
4	27	43	99	52	24	10	2	9	
2	24	42	98	54	24	9	0	-1	
3	24	44	96	53	24	11	6	1	
4	25	40	99	53	25	14	7	0	
4	25	41	100	53	26	11	3	-5	
2	28	44	99	53	26	12	4	-13	
2	28	42	100	54	24	13	8	-14	
4	23	42	101	54	25	11	7	-8	
4	22	42	100	54	25	10	7	-13	
3	23	42	97	53	23	10	3	-30	
2	25	42	98	54	25	11	6	-13	
7	28	43	99	53	25	12	8	-6	
5	26	42	98	53	24	13	4	4	
3	26	43	98	54	24	13	4	-4	
3	25	41	91	54	25	14	6	-24	
3	26	41	93	52	25	12	3	-17	
3	25	43	99	52	23	9	5	-25	
5	27	42	97	52	25	9	6	-50	
6	29	43	97	52	25	10	3	-15	
4	29	44	98	55	24	10	5	-5	
2	28	44	98	56	23	10	6	-23	
5	27	45	98	56	23	7	6	-21	
7	29	47	99	55	27	7	5	-17	
7	30	47	99	52	25	10	6	-9	
6	27	46	99	52	24	7	5	-13	
5	27	46	98	54	26	8	4	-16	
5	30	47	97	53	25	10	5	9	
5	31	47	97	51	24	10	5	0	
5	29	46	97	53	25	10	5	-15	
5	25	45	94	54	24	10	5	-20	
6	26	45	95	55	23	12	2	-9	
6	26	46	99	53	24	10	3	-5	
5	24	43	99	53	24	8	4	-12	
5	27	44	99	53	24	11	5	5	
4	28	47	97	50	24	11	4	-7	
5	28	49	97	50	23	9	8	-42	
6	28	49	102	51	23	10	7	-29	
6	28	49	102	51	22	10	6	-5	
5	28	49	99	52	23	11	7	7	
6	28	51	99	52	26	11	7	-11	
6	27	50	99	52	27	11	6	-30	
1	28	49	97	52	23	11	6	-20	
1	28	49	98	52	23	11	7	-15	
6	28	50	100	52	26	10	8	6	
5	28	49	98	53	26	9	5	-2	
3	28	49	98	51	25	10	4	-14	
4	29	49	99	48	25	9	3	-16	
3	30	48	98	49	27	10	3	5	
3	29	49	100	50	26	7	3	-15	
3	29	49	101	50	27	8	5	-28	
3	29	51	100	53	28	10	6	-23	
4	30	52	102	54	30	9	6	-17	
4	32	52	104	51	29	11	2	-19	
4	31	51	100	51	28	11	3	2	
4	30	52	99	52	28	10	3	-2	
3	30	52	98	52	30	10	3	-14	
3	29	52	96	51	28	11	4	-7	
2	28	52	96	52	28	10	4	-10	
3	26	51	97	52	29	9	3	-25	
3	26	50	96	50	25	10	3	-13	
2	28	50	97	51	24	9	0	-12	
3	28	50	98	54	27	8	-3	-28	
2	27	51	97	51	26	8	0	-43	
3	27	51	98	50	26	7	4	-20	
4	26	51	99	51	26	5	3	-6	
3	27	51	98	50	26	5	3	-5	
0	31	51	98	50	26	9	4	-23	
0	31	48	98	50	28	10	1	-22	
1	29	48	95	50	28	11	-1	-15	
1	29	51	95	52	29	12	0	-32	
2	30	55	99	51	27	12	6	-37	
1	29	52	97	51	27	10	4	-23	
0	30	50	98	51	28	11	1	-19	
0	32	50	99	51	27	14	3	-21	
0	30	51	98	51	27	13	3	16	
1	29	52	99	51	26	13	1	-3	
6	30	52	98	51	27	13	0	-24	
4	30	51	98	51	28	14	5	-7	
2	30	51	97	49	25	13	4	-20	
4	27	48	97	49	27	12	1	-38	
4	26	48	96	50	27	12	3	-24	
-1	27	49	96	50	24	12	6	-12	
-1	27	50	96	50	25	12	6	-12	
0	29	51	95	49	25	12	8	-15	
1	28	50	95	50	23	11	5	6	
2	28	50	97	52	25	12	6	-7	
3	29	51	95	51	27	14	5	-13	
2	28	49	95	50	27	13	5	-5	
1	27	48	93	50	26	14	7	3	
1	27	49	95	52	29	15	7	-6	
1	27	49	98	53	29	15	6	-21	
2	26	50	97	53	27	12	6	0	
2	25	48	97	51	27	9	5	13	
2	26	48	96	52	28	11	6	-7	
2	26	49	96	51	29	11	7	-14	
1	27	47	96	51	30	12	7	-31	
2	27	48	94	52	31	12	8	-12	
3	27	48	95	51	27	12	9	-7	
0	25	49	96	51	27	11	9	-15	
0	26	50	95	52	29	9	9	-25	
3	27	49	95	52	27	10	7	-17	
4	29	50	96	54	27	10	7	-11	
2	28	50	96	52	29	11	8	1	
2	27	51	99	51	29	11	6	-7	
4	29	52	99	52	28	11	4	0	
5	29	50	99	52	28	11	5	6	
4	28	50	99	53	28	11	4	-9	
7	27	51	97	54	30	12	2	1	
4	28	52	96	53	29	14	5	12	
3	30	53	98	53	26	11	7	-20	
6	29	53	98	51	30	10	8	-28	
6	24	50	96	51	32	10	10	-23	
4	23	49	96	52	29	6	9	-46	
4	24	50	97	51	27	5	7	-38	
3	26	48	97	51	27	8	3	-18	
2	27	48	97	50	26	6	0	-14	
4	27	51	97	50	25	4	2	-7	
5	25	51	97	50	27	6	4	-34	
2	25	51	97	50	28	7	3	-49	
1	27	51	96	51	28	7	4	-14	
2	27	47	96	51	28	7	6	-21	
1	27	46	97	51	28	7	8	-33	
1	27	49	98	52	28	7	8	8	
4	25	50	97	53	28	7	7	17	
4	27	50	97	53	28	8	7	-10	
4	28	50	99	53	29	10	8	-24	
4	27	50	99	53	28	10	12	-35	
3	26	49	99	53	27	11	11	-21	
3	26	48	100	53	27	10	10	-2	
6	29	50	100	53	29	8	11	-5	
7	29	49	101	52	30	11	7	-32	
5	27	48	101	52	30	12	2	-39	
3	27	47	101	51	30	9	4	-14	
3	27	47	100	50	29	8	5	-11	
4	26	49	100	51	28	7	4	-15	
4	26	49	101	52	27	7	4	-14	
4	27	48	101	51	29	8	4	-4	
4	26	47	99	50	31	8	5	-13	
4	25	47	99	50	30	6	7	-26	
-3	-22	-40	-80	-41	-25	-6	-1	19	
-3	-22	-40	-81	-41	-23	-3	-1	28	
-3	-21	-42	-80	-41	-24	-4	-1	25	
0	0	0	0	0	0	-5	0	23	
-1	-18	-37	-74	-35	-19	-3	0	47	
0	0	0	0	-30	-18	-7	-3	33	
-2	-18	-35	-68	-29	-18	-7	0	32	
0	0	0	0	0	0	0	-1	16	
-7	-15	-33	-64	-28	-15	-3	0	15	
-7	-13	-32	-64	-28	-16	-5	-1	27	
-5	-11	-30	-64	-29	-16	-5	-1	20	
-5	-11	-30	-65	-30	-17	-7	-2	27	
0	-9	-28	-59	-24	-17	-6	-6	25	
-4	-7	-28	-60	-24	-19	-4	-5	25	
2	11	25	63	367	91	34	12	10	
2	13	27	71	386	99	36	14	12	
2	14	28	74	394	102	38	15	17	
3	13	28	74	400	102	39	17	23	
1	12	27	75	401	102	38	16	22	
3	14	27	76	406	105	40	15	16	
4	14	30	76	407	104	39	15	16	
3	14	31	76	404	103	39	14	12	
3	12	31	75	397	103	38	13	12	
3	12	31	74	393	102	37	12	16	
2	14	31	71	385	99	39	12	11	
1	14	29	69	380	98	38	12	15	
0	12	27	65	368	96	39	12	15	
0	12	26	64	364	95	37	10	7	
1	11	26	67	362	95	35	9	11	
1	10	26	64	360	95	34	12	15	
2	10	25	63	360	94	33	11	12	
4	11	25	65	360	95	34	10	10	
0	10	29	65	362	95	33	14	11	
-1	10	29	66	362	95	33	12	12	
0	9	23	65	359	96	34	10	13	
-1	8	21	64	356	92	34	12	11	
-1	9	24	61	347	86	34	12	16	
-1	9	23	59	341	85	34	10	14	
-1	9	17	54	327	84	34	10	17	
-2	9	15	49	313	73	28	9	6	
-2	6	10	35	262	68	23	7	0	
-1	5	0	0	0	0	0	0	0	
-3	-6	-19	-46	-16	-9	-6	-7	23	
-5	-9	-18	-47	-18	-10	-6	-6	34	
-5	-9	-18	-48	-18	-11	-6	-3	31	
0	0	0	0	0	0	0	16	12	
6	21	54	143	379	112	40	16	12	
8	22	55	144	382	115	40	16	13	
8	22	55	145	385	115	42	18	19	
8	22	56	144	387	114	45	20	15	
8	22	56	143	385	114	45	19	13	
8	21	55	142	380	115	46	18	19	
9	22	54	142	378	115	44	20	28	
8	23	53	138	373	114	42	21	24	
7	20	51	135	368	113	40	20	13	
9	18	51	133	362	110	38	16	16	
9	18	49	126	353	107	39	16	15	
8	17	44	121	350	104	39	15	8	
7	16	41	119	340	101	39	14	11	
5	15	43	117	333	100	37	14	11	
5	15	43	114	328	97	37	15	12	
5	15	41	112	325	95	38	17	16	
3	15	40	110	316	94	36	17	14	
4	15	37	108	305	93	36	13	18	
5	14	36	101	295	91	34	13	14	
5	13	36	94	283	86	32	17	7	
3	12	36	90	276	84	31	17	12	
1	8	27	74	247	77	30	11	18	
-1	7	21	62	0	0	0	0	0	
0	0	0	0	0	0	0	-4	37	
-5	-13	-23	-39	-5	-1	2	-2	52	
-5	-12	-23	-40	-4	0	2	-2	38	
0	0	0	0	87	38	14	2	16	
1	-4	-6	0	111	49	18	5	16	
3	-2	-2	22	166	73	27	9	24	
2	3	8	35	196	84	31	9	26	
3	6	16	56	249	106	38	15	24	
6	7	19	64	271	115	46	20	19	
4	11	25	81	311	129	48	20	16	
3	13	28	88	340	136	50	20	16	
6	14	35	96	349	140	53	24	22	
7	13	35	96	358	146	55	24	22	
6	12	32	96	360	146	55	21	20	
5	13	33	97	363	146	56	21	19	
4	13	33	93	364	145	56	21	13	
4	11	33	91	362	143	53	20	14	
4	10	31	91	353	140	53	21	19	
4	12	29	91	348	138	53	20	17	
6	11	29	87	339	132	52	21	19	
6	12	29	85	336	131	55	21	23	
5	13	29	87	333	131	54	19	20	
5	9	29	85	329	129	48	17	16	
4	7	25	78	327	128	48	17	15	
4	8	23	76	319	125	48	15	16	
0	8	24	75	314	121	47	16	16	
0	8	23	73	302	118	47	17	18	
3	9	20	73	294	111	45	15	15	
2	8	20	67	279	106	41	15	8	
2	6	17	59	258	101	34	12	8	
3	4	13	55	244	98	34	9	10	
3	3	9	41	213	87	31	8	13	
0	3	9	32	192	79	26	9	0	
-1	-9	-21	-36	-5	0	0	2	25	
0	0	0	0	0	0	0	-1	3	
-2	-6	-6	-2	44	24	4	0	0	
-2	-3	-2	4	61	37	14	4	12	
1	-1	3	18	104	69	19	5	10	
2	0	12	42	156	102	32	11	9	
3	4	17	53	182	115	40	15	14	
4	6	21	68	233	139	51	21	18	
5	7	24	74	256	149	57	24	13	
5	8	29	86	289	165	61	25	22	
6	8	29	91	302	177	64	26	30	
6	7	30	100	313	181	65	27	28	
5	7	31	102	318	186	68	27	21	
6	9	34	100	321	188	67	29	21	
6	11	35	101	322	188	71	30	15	
5	11	34	100	320	188	71	29	12	
5	7	34	99	318	187	67	28	14	
5	7	31	96	315	187	67	28	15	
5	7	29	97	315	187	68	26	26	
7	7	31	94	308	180	65	26	25	
6	8	31	92	303	175	64	27	12	
5	7	26	90	292	172	62	24	14	
6	7	25	82	276	164	58	24	10	
6	7	25	78	267	157	57	23	14	
8	5	23	71	245	144	55	20	15	
8	6	21	65	213	128	47	19	16	
5	1	16	54	193	120	45	18	17	
5	0	0	0	0	0	0	0	0	
0	-10	-10	-13	0	0	0	-3	26	
0	-11	-10	-13	-2	-1	-1	-3	23	
9	12	30	96	333	156	62	24	15	
9	12	34	103	372	170	67	25	12	
10	13	41	112	387	178	71	29	10	
16	16	42	116	407	188	72	29	14	
15	16	43	118	419	194	74	30	12	
12	18	43	119	424	194	72	32	14	
11	16	41	119	423	194	72	31	12	
11	16	38	118	415	192	73	31	14	
12	16	38	115	406	185	70	31	16	
12	16	38	115	400	183	70	30	12	
12	16	38	113	387	181	69	33	15	
12	16	38	108	371	177	67	33	12	
13	14	36	104	361	174	66	32	9	
13	15	33	98	340	165	65	32	9	
13	15	30	95	329	156	61	28	18	
14	12	28	94	324	154	59	23	9	
14	11	26	89	311	149	60	24	8	
14	12	26	88	305	147	62	26	16	
13	11	25	88	294	143	60	25	11	
12	12	24	82	289	138	59	25	16	
13	12	24	80	278	132	57	24	27	
13	10	23	77	271	130	53	22	18	
14	13	21	71	245	118	49	20	11	
15	11	20	67	0	0	0	0	0	
-6	2	12	2	-5	-4	-1	1	20	
-6	2	12	2	-3	-4	-2	1	-3	
-7	0	12	2	-4	-4	-2	2	-12	
-7	0	12	2	-6	-4	-1	2	-8	
-8	2	13	1	-5	-6	-1	0	2	
-9	4	12	1	-3	-6	-1	0	9	
-9	4	13	1	-3	-4	0	0	1	
-9	4	12	1	-5	-4	0	-1	-12	
-9	3	11	1	-5	-5	-3	-2	-1	
-12	2	14	-2	-4	-7	-3	1	12	
-11	2	14	-2	-4	-6	-2	1	3	
-7	2	14	0	-5	-4	-3	0	4	
-7	2	16	-1	-6	-3	-3	0	26	
-7	3	14	-1	-6	-5	-2	-2	-5	
-12	2	14	-3	-6	-9	-3	-3	-1	
-11	1	15	-5	-7	-8	-3	-1	0	
-10	1	14	-4	-23	-12	-4	-1	-5	
0	0	0	136	407	123	40	16	17	
15	21	35	137	406	123	40	16	16	
15	21	35	137	406	122	40	16	7	
15	21	36	137	408	123	41	17	8	
16	21	36	138	411	126	43	18	3	
13	21	37	141	420	128	44	18	4	
12	22	39	145	427	129	46	17	1	
13	24	40	151	440	135	46	19	10	
14	24	39	152	441	137	46	19	10	
14	22	41	151	440	137	47	17	8	
14	22	42	150	439	136	48	18	10	
15	20	38	147	434	133	48	18	4	
15	18	37	144	429	131	48	19	5	
13	18	37	139	413	127	47	19	8	
17	20	36	132	403	127	45	17	8	
17	20	35	124	378	121	45	16	10	
15	17	29	123	362	116	43	14	9	
15	16	26	111	327	104	36	13	5	
12	12	21	103	308	97	34	13	8	
11	11	19	95	286	87	30	10	6	
13	10	12	77	238	79	26	9	6	
0	0	0	0	0	6	0	0	29	
5	-1	-12	13	32	11	0	0	4	
4	-1	-5	29	71	22	5	2	11	
5	3	-1	37	101	30	9	1	15	
6	9	10	70	171	51	17	5	4	
7	12	24	102	238	69	21	10	2	
11	16	32	115	268	76	22	12	7	
13	21	39	137	320	91	28	14	15	
15	21	43	145	342	99	33	17	9	
15	23	45	155	373	106	33	16	7	
12	22	45	159	394	110	35	14	7	
13	23	48	163	402	111	36	17	17	
12	23	49	165	414	113	38	18	16	
10	24	49	166	418	114	39	20	7	
12	24	49	167	417	117	40	20	10	
14	23	49	167	417	118	38	18	13	
12	23	50	164	417	114	37	19	10	
11	22	50	163	411	113	38	19	8	
11	22	49	163	408	111	37	21	3	
11	21	46	159	405	111	36	20	3	
11	21	45	157	401	110	36	16	4	
11	21	45	154	393	108	37	18	4	
12	20	44	153	389	107	36	17	3	
10	20	42	148	377	104	34	18	12	
11	20	40	143	365	102	33	17	12	
9	19	38	138	357	102	32	15	7	
9	17	34	131	336	95	31	14	3	
6	16	33	124	322	86	25	12	6	
5	15	26	106	285	81	22	11	2	
6	13	20	96	223	62	17	10	9	
0	0	-16	0	8	6	-2	0	38	
2	0	-16	1	8	6	-2	-2	28	
4	6	-2	39	129	57	19	8	14	
6	8	8	66	211	90	25	12	9	
6	10	12	77	248	105	36	17	1	
9	13	20	95	310	131	40	19	1	
10	14	24	103	339	143	44	23	5	
7	18	29	116	388	158	53	25	9	
8	18	30	126	425	168	56	27	10	
6	18	31	132	440	174	58	28	11	
7	17	31	132	439	174	58	28	10	
7	19	33	133	434	176	58	27	15	
6	17	32	132	434	178	58	25	12	
6	17	30	131	433	176	55	25	14	
9	18	30	130	431	173	55	25	22	
9	16	30	125	420	170	55	23	13	
7	14	29	123	413	170	52	23	7	
7	13	27	122	408	165	51	22	11	
7	14	24	121	394	160	51	21	3	
7	15	24	120	391	156	50	19	3	
5	15	23	118	382	154	52	20	12	
4	14	21	115	366	149	49	20	8	
7	13	20	112	358	149	47	20	12	
7	13	20	108	338	145	47	18	18	
9	12	18	103	329	142	45	17	7	
10	12	18	96	311	132	39	17	2	
9	10	18	92	301	126	39	16	5	
9	10	14	86	271	113	34	13	6	
5	10	7	83	251	106	28	10	11	
-4	0	-21	2	14	9	0	-3	40	
2	5	-12	21	74	55	11	2	7	
3	3	-10	28	94	67	14	3	20	
7	4	-2	47	146	101	29	10	21	
7	7	3	58	173	116	36	15	14	
7	8	10	75	224	147	46	18	13	
8	11	11	86	263	172	55	22	4	
9	18	16	91	279	181	60	22	9	
10	18	17	100	301	195	65	24	18	
6	19	18	111	313	199	66	27	13	
6	19	19	112	321	202	70	26	7	
9	18	20	111	332	210	72	28	17	
9	19	20	112	338	215	73	29	18	
10	18	20	112	341	215	73	29	12	
8	18	22	113	344	215	74	30	19	
8	21	22	114	347	216	75	29	15	
9	21	22	115	349	217	76	29	8	
9	19	24	113	349	217	76	32	9	
9	19	24	112	349	216	76	33	7	
7	19	24	114	355	216	76	32	9	
7	18	24	114	358	215	75	30	13	
7	18	22	114	360	214	74	29	12	
6	19	23	115	363	214	74	31	10	
8	19	26	117	367	215	74	32	7	
8	20	26	118	367	215	74	34	9	
10	20	26	117	367	214	74	34	12	
11	20	26	116	368	214	74	30	9	
10	19	25	116	372	214	74	30	9	
9	19	25	117	372	210	72	30	18	
11	21	26	117	371	211	71	30	17	
11	23	26	115	368	213	73	30	14	
7	20	24	112	367	211	75	31	13	
7	17	24	112	359	207	74	33	9	
7	20	24	111	352	206	73	32	9	
6	19	21	102	337	200	70	28	14	
7	17	18	99	327	194	66	27	9	
7	16	17	93	300	180	64	27	9	
5	14	12	81	267	162	58	26	23	
1	11	8	73	250	151	55	23	19	
2	10	3	62	210	129	47	17	9	
6	10	1	56	187	119	42	0	0	
0	0	0	0	0	0	0	-2	26	
-2	0	-11	-3	8	5	0	-2	23	
-1	0	-11	-3	6	8	-1	-3	3	
0	0	-9	-3	6	10	0	-5	-2	
-1	-1	-9	-4	6	10	0	-5	-1	
-1	-2	-10	-4	6	9	0	-3	23	
-2	0	-10	-4	5	7	0	-1	23	
-3	0	-10	-4	5	7	0	-2	0	
-1	1	-9	-1	8	7	-1	-2	0	
0	1	-8	-1	9	8	0	-2	2	
0	2	-8	0	10	8	0	0	8	
-2	1	-8	1	10	6	0	0	1	
-1	1	-8	1	12	11	1	-2	8	
1	2	-7	5	14	12	1	-1	11	
0	2	-4	10	30	13	1	-1	10	
0	3	-4	13	59	22	4	1	2	
2	6	2	29	77	28	7	3	1	
4	9	14	51	125	43	14	7	8	
4	11	18	63	153	53	20	9	3	
7	17	28	88	208	77	23	9	6	
8	18	36	106	255	91	30	9	4	
5	20	40	113	272	91	33	10	4	
6	21	44	124	294	100	36	15	4	
11	23	44	128	301	109	37	15	5	
11	24	46	132	311	109	36	15	7	
9	23	46	132	314	110	36	16	15	
8	21	45	131	317	112	41	17	18	
6	20	47	127	317	110	43	18	11	
6	21	48	128	313	109	42	18	6	
6	22	46	131	311	108	41	17	7	
7	19	43	127	306	107	40	18	7	
8	18	42	125	303	106	39	20	6	
6	16	40	121	297	104	37	18	7	
5	16	39	120	294	103	38	16	13	
4	18	41	116	289	102	38	18	9	
4	18	40	114	282	99	38	19	13	
2	17	37	114	280	97	36	14	13	
2	16	36	110	274	94	36	13	15	
4	17	38	107	270	93	34	15	8	
4	17	39	105	267	94	35	18	16	
3	16	38	105	263	90	34	18	12	
3	16	36	105	263	90	33	15	6	
5	16	35	104	261	92	32	11	10	
5	15	34	100	256	89	33	16	15	
4	15	33	98	252	87	33	16	13	
4	14	32	96	248	86	31	12	12	
2	12	32	94	247	85	31	14	16	
1	11	30	90	241	82	29	14	8	
3	13	28	88	226	78	30	11	5	
7	14	27	84	214	77	29	11	17	
5	10	25	77	173	64	24	11	16	
0	-1	-3	8	18	11	1	-3	41	
-1	0	-3	8	17	10	2	-5	34	
0	1	1	22	60	27	5	0	11	
1	2	2	26	74	43	12	0	3	
0	7	9	43	119	52	15	5	18	
1	9	18	64	177	79	25	11	16	
5	13	24	81	234	108	38	13	9	
6	15	31	96	285	129	45	17	15	
6	17	32	103	307	134	47	18	23	
6	19	37	117	346	144	52	17	19	
10	19	39	120	364	152	52	17	13	
9	19	40	125	386	159	54	19	15	
5	21	43	128	395	159	56	20	18	
8	21	45	132	406	165	56	19	16	
8	20	45	134	410	167	55	21	19	
8	20	44	131	412	166	56	21	16	
7	20	45	131	411	166	57	20	10	
6	19	45	131	410	165	57	20	15	
7	20	44	132	410	165	57	20	13	
8	21	45	135	408	166	57	19	9	
8	20	46	133	408	163	55	17	14	
8	21	46	133	408	161	56	18	14	
8	22	44	132	405	162	59	18	15	
7	22	39	127	395	161	58	17	17	
7	19	41	127	387	158	53	16	15	
9	17	40	125	370	154	53	18	21	
8	17	36	113	342	146	49	18	21	
7	14	33	104	317	127	42	13	17	
7	11	21	75	243	113	36	11	16	
0	0	-10	1	16	14	2	-10	6	
0	1	-8	0	16	16	2	-10	-8	
0	3	-7	0	16	18	1	-9	-15	
-1	1	-8	1	17	16	1	-6	-2	
0	0	-8	1	19	16	2	-6	12	
1	2	-8	4	20	19	2	-7	-6	
1	2	-9	4	19	17	3	-3	-3	
1	2	-10	0	18	14	4	-7	3	
1	2	-10	0	17	15	2	-10	1	
1	2	-11	0	17	15	1	-8	7	
1	3	-10	0	18	15	2	-8	4	
0	4	-7	0	19	18	3	-7	16	
1	3	-7	1	19	18	2	-5	29	
1	3	-7	1	18	16	3	-4	13	
0	2	-10	-1	19	16	3	-4	10	
2	2	-10	-1	19	17	2	-4	6	
3	2	-9	-2	18	18	2	-6	6	
3	3	-10	-2	16	18	3	-8	10	
1	3	-11	-1	17	16	3	-8	2	
0	2	-9	-2	18	16	2	-10	-1	
2	1	-8	-2	17	17	3	-10	-6	
2	3	-8	-2	17	18	4	-8	-14	
0	4	-7	-2	17	16	2	-8	-2	
0	5	-7	-1	16	14	2	-8	0	
1	6	-11	2	28	22	4	-6	8	
1	5	-9	6	38	35	7	-1	10	
0	4	-3	10	57	43	9	-1	11	
1	5	-3	15	71	51	13	-1	11	
3	11	5	37	118	80	28	4	18	
3	13	11	50	146	98	33	9	19	
5	16	17	70	196	130	42	13	16	
5	19	20	82	236	154	54	16	15	
6	22	27	89	252	162	60	21	17	
5	21	34	93	277	176	66	24	19	
5	20	31	93	287	183	66	22	16	
8	21	31	103	304	192	68	25	14	
7	23	33	106	309	194	71	26	11	
5	23	33	107	318	196	70	25	1	
7	24	33	109	323	198	71	23	8	
9	26	35	110	332	199	74	23	13	
10	26	36	111	334	200	72	28	12	
8	26	35	111	335	200	73	30	7	
5	26	34	111	335	199	76	26	8	
5	25	34	112	334	199	76	25	17	
6	25	35	112	333	197	73	26	15	
5	24	35	112	332	195	70	27	17	
3	22	34	110	328	194	70	25	23	
3	22	33	110	327	192	69	23	12	
4	23	35	109	326	189	70	23	11	
5	25	35	108	322	189	72	27	17	
2	23	33	105	316	185	68	21	15	
2	23	32	102	307	179	67	21	12	
0	22	29	99	302	175	67	21	13	
1	21	25	94	288	170	65	19	11	
0	21	27	93	280	165	63	21	11	
0	21	27	91	264	155	60	20	13	
3	21	22	84	254	152	59	18	10	
2	19	22	79	236	144	57	16	3	
2	18	20	77	228	142	55	14	17	
2	18	18	70	209	131	49	13	23	
0	18	16	63	196	122	46	11	12	
-5	6	-7	-3	17	13	7	0	32	
0	6	-7	-1	18	15	7	3	31	
0	6	-6	-1	18	16	6	0	12	
-2	7	-5	-2	19	16	8	1	20	
-2	7	-8	-2	20	15	8	3	16	
-7	4	-8	-4	18	11	6	0	-1	
-7	3	-8	-5	17	13	7	0	7	
-5	6	-9	-5	17	13	7	0	10	
-6	9	-9	-4	18	13	8	0	-19	
-2	7	-6	-5	18	15	7	3	-9	
-1	7	-5	-3	16	15	7	4	7	
-2	8	-5	0	20	18	8	0	7	
-3	9	-5	1	26	22	10	0	17	
-3	8	-5	5	44	31	15	2	14	
-2	8	-5	9	55	39	16	2	5	
-2	13	3	24	93	63	24	8	10	
-2	18	6	32	142	93	38	17	5	
-1	23	14	52	164	106	42	19	4	
0	23	19	68	205	130	49	21	15	
2	24	20	76	223	144	54	24	16	
3	26	26	85	250	161	62	25	15	
3	27	29	90	266	166	65	28	14	
4	27	30	93	273	172	65	29	14	
4	27	31	96	286	180	69	29	11	
3	27	31	98	291	180	70	30	9	
2	28	33	103	300	186	71	32	19	
5	28	35	104	303	191	71	33	25	
7	27	33	106	306	193	71	35	17	
7	27	32	107	313	194	73	35	19	
6	28	33	107	313	194	76	34	18	
7	29	34	104	314	193	74	35	15	
6	29	33	104	314	189	71	32	17	
5	29	32	107	312	188	70	29	16	
4	27	32	108	311	187	70	29	17	
3	28	32	105	311	185	71	31	13	
4	29	30	104	311	182	71	31	11	
6	29	30	105	311	183	69	30	12	
5	27	30	104	308	183	68	30	19	
3	26	28	101	308	181	68	32	18	
2	26	29	100	310	181	69	32	11	
3	26	29	100	312	180	71	33	16	
2	26	28	100	312	182	71	33	15	
2	29	29	102	313	183	72	32	19	
7	32	31	101	315	183	74	33	18	
7	31	31	101	315	180	72	33	18	
5	29	31	100	311	178	72	34	24	
5	29	30	95	297	174	72	33	23	
6	26	28	90	274	164	65	29	21	
1	24	24	77	239	144	61	27	16	
-2	9	-8	-5	9	19	4	2	33	
-2	8	-8	-4	11	20	8	1	14	
0	9	-9	-5	10	19	7	4	11	
-2	9	-9	-6	10	19	7	1	-2	
0	11	-11	-7	10	19	9	0	11	
-2	12	-10	-5	10	18	11	6	18	
0	11	-6	1	29	30	13	9	15	
0	14	2	28	96	61	25	11	18	
2	20	14	57	170	83	35	18	21	
4	23	21	71	217	100	39	22	28	
5	26	27	83	244	114	45	20	19	
5	25	29	92	268	124	48	22	18	
6	24	32	102	295	133	49	20	22	
6	27	36	107	302	138	50	22	22	
6	28	34	106	316	142	53	23	20	
8	28	35	112	317	143	53	23	21	
8	28	36	112	316	143	52	23	13	
7	28	35	112	317	143	51	22	21	
8	30	35	111	317	142	52	22	25	
9	31	36	111	316	140	51	22	18	
9	28	35	109	312	139	51	22	13	
9	28	34	109	311	140	50	21	14	
9	28	34	103	307	137	49	21	14	
8	29	36	101	303	134	50	20	12	
8	29	33	101	295	133	49	21	16	
6	28	30	96	284	130	47	22	16	
5	26	27	94	275	124	46	21	22	
7	26	22	89	259	118	44	17	22	
7	25	20	85	251	115	42	15	24	
7	20	19	78	229	106	36	15	20	
6	20	19	71	213	100	37	15	16	
5	20	14	53	171	85	34	14	20	
1	10	-4	2	32	25	2	3	18	
1	11	1	12	56	34	6	5	16	
2	11	3	21	72	40	11	7	16	
3	12	8	39	113	55	17	9	19	
5	16	12	49	139	65	23	12	17	
5	19	20	72	192	85	28	15	18	
6	19	24	81	216	107	35	19	19	
10	21	36	101	261	116	39	18	20	
10	23	42	117	296	125	43	19	21	
11	28	41	127	308	127	45	20	18	
9	28	42	132	321	130	48	23	11	
7	29	44	128	333	138	53	24	13	
8	29	46	127	334	139	53	25	17	
9	28	46	127	329	136	49	26	17	
9	28	46	128	328	135	48	26	20	
8	26	45	126	326	134	46	26	19	
6	26	43	122	323	130	46	24	19	
5	26	40	117	313	127	46	24	19	
6	25	38	114	300	123	44	21	20	
7	24	36	108	281	118	38	20	27	
7	22	34	103	271	115	36	17	25	
7	22	29	90	239	103	34	17	19	
4	21	26	80	214	94	33	17	21	
0	0	0	0	0	0	0	0	20	
-3	4	-9	-2	7	9	-3	4	15	
-2	4	-10	-1	7	10	-3	4	-10	
-1	4	-10	0	8	13	-1	2	-7	
-1	4	-9	0	8	11	-3	2	1	
-2	3	-8	-3	15	12	-2	2	0	
-3	3	-7	2	39	21	2	5	4	
-1	6	-2	7	55	26	3	7	11	
0	7	0	21	99	36	7	5	11	
0	9	7	41	165	57	14	9	0	
-1	11	10	50	205	70	20	14	3	
0	17	18	74	290	93	30	14	11	
0	18	26	88	328	104	33	18	4	
0	19	35	107	391	122	41	24	11	
7	22	39	114	416	133	45	26	10	
8	23	42	127	453	144	49	27	18	
2	23	44	130	466	142	51	28	18	
2	24	44	136	482	150	54	29	10	
2	24	45	135	491	154	54	30	6	
0	23	46	137	493	151	54	27	10	
0	23	44	137	489	150	53	27	10	
2	22	43	135	484	150	53	26	7	
2	20	42	137	483	148	54	24	8	
1	22	44	137	485	146	53	24	16	
1	24	45	139	483	145	53	24	16	
1	24	45	136	473	144	54	23	13	
3	24	44	136	469	144	53	24	13	
2	24	43	136	470	144	52	24	9	
1	25	43	134	469	143	55	24	5	
0	28	45	134	463	142	53	22	12	
0	28	45	134	461	142	51	23	9	
1	25	44	133	457	141	49	24	9	
1	25	42	130	456	137	47	22	21	
2	25	41	130	456	138	45	20	21	
2	26	44	130	454	139	47	24	11	
0	27	44	129	450	138	51	25	6	
0	25	42	127	442	139	49	23	4	
1	23	41	125	437	136	46	21	5	
0	24	41	125	434	133	47	21	8	
0	24	41	125	421	131	44	20	4	
0	22	38	118	407	129	44	19	3	
0	22	37	112	387	115	41	19	6	
-3	19	26	94	322	103	37	17	3	
-4	16	20	80	0	0	0	0	0	
-4	-1	-6	6	38	17	6	1	5	
-3	2	0	22	87	31	12	3	2	
-3	6	4	29	118	43	16	5	2	
-3	9	12	50	197	68	27	8	11	
-2	10	18	60	240	82	30	15	9	
0	15	28	83	316	109	41	19	7	
0	16	32	96	372	126	48	23	17	
0	17	38	110	393	133	52	23	19	
0	18	39	117	418	140	54	24	16	
1	18	40	119	424	142	54	22	8	
2	19	41	121	433	144	54	22	7	
0	19	40	120	434	144	54	22	13	
0	19	39	117	430	142	52	22	10	
0	18	39	115	419	139	50	22	6	
0	16	38	114	407	137	49	20	5	
0	15	37	112	392	133	47	20	9	
-1	12	34	105	384	130	48	21	5	
-1	11	33	102	365	126	51	21	12	
-1	13	30	99	348	120	48	18	9	
-1	11	30	93	321	111	42	14	11	
0	11	29	88	302	106	39	18	13	
-2	5	19	66	239	88	32	16	6	
-2	-4	-8	1	10	9	1	0	51	
-6	-5	-10	0	10	8	1	-1	41	
-5	-5	-10	0	11	9	2	2	10	
0	-5	-9	0	11	9	1	2	2	
-6	-5	-12	-4	13	7	4	2	26	
-7	-6	-13	-2	23	10	6	4	12	
-5	-6	-12	-1	32	15	5	4	1	
-5	-4	-4	9	60	28	7	3	2	
-4	-3	-3	19	85	38	12	4	0	
-3	0	1	39	152	67	22	10	3	
0	2	7	50	185	82	27	14	10	
0	5	12	67	242	107	39	19	6	
0	8	19	75	263	115	43	21	4	
0	8	20	81	288	130	50	25	9	
0	9	22	87	295	138	52	24	13	
-1	8	23	89	311	145	53	24	12	
-1	10	24	92	319	145	56	24	8	
0	10	25	93	329	146	56	26	9	
0	11	23	91	328	144	54	29	13	
0	11	22	90	318	141	53	28	10	
0	10	23	90	313	141	54	27	9	
0	11	24	89	309	140	53	28	12	
-1	11	20	87	306	135	51	25	7	
-2	10	19	85	298	130	50	24	11	
0	9	17	82	295	131	48	25	15	
0	7	17	81	286	129	47	21	7	
0	7	20	81	281	126	50	22	5	
0	9	20	78	270	124	50	24	8	
5	8	17	77	264	123	47	23	5	
5	7	15	75	254	117	44	22	5	
-1	6	14	72	249	112	42	22	8	
-1	5	14	70	237	107	40	21	12	
1	6	15	68	228	102	40	21	18	
2	4	11	59	198	95	37	20	17	
2	3	8	52	178	0	0	0	0	
0	-4	-14	-2	9	12	2	7	22	
0	-4	-14	-2	9	12	1	8	3	
0	-4	-14	-3	10	9	1	5	-5	
0	-4	-14	-2	10	8	1	5	1	
0	-3	-15	0	10	11	0	6	-6	
1	-3	-15	-1	9	11	0	9	-24	
2	-3	-17	-2	10	9	1	9	-11	
2	-3	-17	1	16	11	1	6	9	
0	-1	-12	9	39	17	6	7	3	
0	-1	-7	12	52	17	8	8	3	
0	-2	-7	16	72	20	7	8	8	
0	-1	-6	18	84	23	7	8	10	
2	0	-3	24	128	35	11	9	4	
7	4	3	44	159	44	16	11	4	
7	6	9	65	218	59	21	13	9	
6	8	20	91	316	89	29	14	6	
7	8	24	101	348	98	35	20	7	
5	7	24	100	337	90	33	19	-1	
5	7	24	99	325	89	33	19	0	
6	8	24	96	314	88	33	18	4	
6	8	24	96	311	87	31	20	1	
5	8	23	93	303	85	30	21	1	
5	5	20	87	291	87	30	21	7	
3	3	19	82	284	85	30	18	3	
1	5	17	79	268	77	30	18	4	
2	6	16	77	256	75	26	19	0	
2	4	11	64	210	67	23	18	-3	
-2	-1	-6	5	39	15	3	4	4	
-1	2	2	23	91	32	10	8	4	
0	4	6	33	118	38	13	10	5	
0	5	12	54	181	61	23	14	8	
0	8	20	63	212	69	27	16	8	
-2	10	23	78	265	82	33	19	5	
1	11	24	84	285	91	36	20	4	
1	13	29	94	317	103	40	23	6	
0	13	30	97	331	108	41	25	17	
6	15	32	104	355	118	40	23	17	
9	15	33	108	365	122	41	24	11	
6	14	35	111	374	123	43	23	8	
6	16	37	113	376	123	43	25	12	
6	17	36	115	381	124	42	27	11	
4	17	35	116	382	122	42	26	18	
2	15	35	114	382	122	42	24	18	
3	14	35	113	380	124	43	23	7	
5	15	38	113	378	126	45	23	0	
4	15	38	112	376	123	43	22	5	
4	15	37	110	364	121	43	26	14	
4	15	37	102	352	116	41	26	10	
4	16	32	100	345	113	38	25	2	
6	16	31	97	326	110	39	26	6	
5	12	28	91	301	104	37	25	12	
4	11	22	87	286	101	34	22	9	
3	11	18	77	256	93	32	20	9	
3	10	16	71	240	80	28	19	8	
2	10	11	61	204	74	27	18	3	
-1	0	1	21	67	21	3	10	5	
0	0	5	30	96	31	7	12	3	
1	6	16	55	169	54	16	15	11	
2	6	23	68	210	66	19	18	9	
5	12	34	93	290	90	31	18	2	
5	15	46	122	383	113	43	25	6	
9	20	51	132	406	122	45	26	0	
9	20	51	135	413	124	45	26	0	
7	18	52	136	429	127	44	27	0	
7	18	53	139	436	129	45	26	5	
8	20	54	140	438	130	47	27	10	
8	20	54	139	435	128	46	27	7	
5	19	54	141	434	125	45	27	7	
7	19	54	141	434	127	47	28	7	
9	19	53	140	432	128	47	26	4	
6	19	52	139	431	128	47	26	8	
6	18	52	139	426	127	46	25	16	
8	18	53	141	425	126	46	26	13	
8	17	52	139	422	124	45	26	7	
7	17	52	138	419	125	45	23	1	
7	18	52	135	415	125	45	24	-2	
8	19	51	134	414	122	44	27	0	
7	17	50	135	407	120	40	24	3	
7	16	53	134	405	120	40	24	8	
10	18	53	134	406	120	43	25	9	
10	18	48	134	406	120	45	25	13	
9	17	48	133	404	121	45	26	15	
8	17	51	133	407	122	43	26	7	
7	20	50	135	407	121	40	25	13	
10	20	51	131	403	121	39	24	6	
11	17	48	129	389	117	40	24	0	
8	17	44	126	373	113	41	24	-2	
6	14	40	109	325	99	34	24	3	
6	11	34	80	233	70	0	0	0	
0	0	-2	1	23	6	0	2	-9	
-1	-4	0	10	47	13	2	3	-3	
2	0	6	23	75	23	11	5	-8	
4	4	16	40	126	45	18	7	-2	
7	4	19	49	157	57	26	12	0	
7	10	27	70	220	79	31	16	-2	
6	13	34	91	280	99	38	19	1	
8	13	37	100	305	106	39	23	4	
9	14	40	108	342	115	43	23	3	
9	14	43	113	359	121	45	24	4	
7	16	48	119	375	128	49	23	1	
5	17	49	121	378	128	49	24	3	
6	17	49	123	391	130	48	25	7	
10	17	49	127	395	133	49	25	0	
11	17	49	130	404	135	53	28	1	
7	16	49	128	408	137	54	29	5	
6	16	50	130	410	137	52	28	-1	
7	17	50	133	410	135	53	29	-1	
7	17	50	135	413	138	56	30	9	
7	16	53	134	414	138	53	29	11	
7	18	54	135	416	138	54	29	3	
8	18	54	134	421	138	54	27	-5	
8	16	54	136	421	139	54	26	-7	
8	14	53	138	421	140	56	27	2	
8	15	53	137	421	140	56	27	2	
7	19	52	139	421	140	58	27	5	
6	18	51	138	421	141	58	25	9	
6	17	51	138	423	142	57	25	7	
6	17	52	138	424	142	57	26	3	
8	18	52	135	425	143	59	27	5	
6	17	53	134	426	145	59	30	2	
4	18	54	134	427	145	62	30	2	
5	18	54	138	431	145	62	30	5	
5	17	54	141	435	150	61	31	3	
6	19	57	149	446	152	62	33	5	
7	20	59	155	462	154	67	33	6	
8	20	58	154	467	155	65	31	7	
7	19	58	152	465	155	62	31	0	
7	17	57	150	460	154	61	29	-2	
7	17	52	140	441	147	60	28	0	
7	17	49	136	423	142	59	28	2	
5	12	42	120	355	123	55	26	0	
5	9	37	104	305	107	48	23	0	
5	0	0	0	0	0	0	0	0	
1	-5	-7	-5	-3	-6	2	1	18	
3	-5	0	0	0	0	0	0	0	
0	23	69	177	509	178	73	31	4	
9	28	74	185	551	192	80	36	8	
11	28	76	194	577	200	85	37	4	
11	27	80	201	588	206	87	38	3	
10	28	83	203	590	212	87	37	2	
9	28	81	199	578	207	87	38	4	
8	24	74	186	552	191	81	37	2	
12	21	72	176	537	192	79	34	1	
9	21	70	174	526	185	78	33	2	
5	20	70	174	520	178	75	33	0	
7	21	71	171	512	173	75	33	0	
10	21	71	169	510	174	77	32	2	
12	21	71	170	511	177	77	32	2	
9	22	72	172	512	176	77	32	0	
9	22	72	170	510	174	76	34	2	
10	21	71	169	507	174	75	37	3	
10	22	71	168	506	174	75	35	0	
9	21	68	160	490	169	72	31	-8	
7	21	65	157	474	163	72	31	-1	
8	20	55	139	413	143	66	28	0	
7	12	48	121	366	128	58	25	4	
0	0	0	5	0	4	-4	0	17	
0	4	1	5	0	4	-5	0	-7	
0	4	0	7	-1	4	-4	0	-6	
0	5	-1	6	-1	4	-2	0	12	
12	24	77	184	595	189	78	37	-1	
13	27	80	192	606	193	80	35	-2	
12	28	80	195	632	203	85	38	2	
11	28	80	199	642	206	86	39	12	
15	32	85	206	656	210	86	38	6	
16	33	88	207	662	214	87	40	-2	
15	32	85	204	661	215	93	39	6	
15	32	83	203	657	214	92	37	3	
15	28	80	201	652	213	88	40	-3	
15	27	80	200	652	211	87	42	2	
16	26	81	199	647	208	87	41	0	
16	26	80	198	641	210	88	38	0	
16	28	81	191	624	207	87	38	-5	
15	28	83	188	616	202	87	41	-5	
15	27	82	186	603	197	86	40	2	
13	24	80	183	595	193	84	39	2	
13	25	78	176	568	183	82	38	-4	
13	25	68	170	550	179	80	34	-3	
12	24	66	158	516	172	78	34	0	
10	21	65	152	496	167	75	35	0	
10	18	57	137	450	153	68	33	5	
10	15	53	133	425	145	68	31	8	
10	13	51	119	372	131	63	27	6	
10	11	48	107	344	121	59	25	2	
0	0	2	6	-2	3	-9	-1	20	
-3	9	2	3	-3	2	-6	-4	-4	
-2	10	1	4	-2	5	-5	-4	-35	
-1	10	2	4	-2	5	-6	0	-7	
0	10	2	5	-3	4	-6	0	1	
0	10	2	5	-2	3	-8	-1	2	
-1	10	3	4	-4	1	-8	-3	-25	
-4	8	4	2	-8	-2	-8	0	-12	
-5	5	1	-5	-27	-6	-10	1	5	
-4	6	-1	-11	-40	-7	-10	0	0	
11	15	62	165	615	171	63	25	11	
11	16	63	170	622	172	63	25	4	
13	16	64	173	624	172	63	24	-2	
13	18	66	172	624	172	63	24	-2	
11	18	66	171	624	174	65	26	8	
12	16	65	172	626	174	65	22	16	
13	16	66	173	629	174	65	22	4	
11	16	64	172	623	175	65	26	1	
10	16	60	165	600	167	62	23	2	
11	16	57	159	584	162	61	21	-3	
11	14	52	147	541	152	57	21	2	
9	9	50	139	513	144	54	21	5	
9	6	43	123	452	127	52	20	4	
9	6	39	114	417	116	47	18	1	
8	2	28	86	331	90	33	12	8	
-2	-15	-17	-33	-63	-22	-9	-6	15	
1	-10	-7	-9	25	4	-1	-1	11	
0	-9	-6	-8	27	5	-3	1	3	
0	-9	-6	-6	35	7	-3	2	3	
3	-6	-4	-2	41	7	0	1	-2	
3	-6	-1	2	59	12	3	0	-2	
4	-7	0	6	69	18	3	2	8	
5	-6	2	11	85	25	4	5	6	
6	-5	5	13	90	26	5	5	5	
6	-5	5	17	96	29	6	6	17	
4	-5	4	17	99	31	7	6	20	
5	-5	5	20	108	32	8	6	13	
9	-7	6	23	109	35	5	6	6	
9	-8	5	21	112	37	5	6	7	
8	-6	4	19	114	34	8	4	18	
8	-8	5	18	111	34	8	3	19	
5	-9	3	16	102	34	8	4	6	
4	-8	3	15	97	31	8	3	-2	
7	-8	0	14	92	30	6	1	1	
5	-10	2	15	87	26	6	2	7	
3	-10	2	15	84	26	6	4	5	
5	-7	1	9	76	21	5	3	0	
5	-9	0	8	68	20	4	2	-6	
1	-12	-16	-33	-73	-28	-15	-5	11	
2	-14	-17	-34	-73	-26	-12	-4	20	
1	-14	-17	-34	-74	-26	-13	-4	29	
0	-4	0	5	19	7	1	3	14	
5	-4	0	9	27	10	2	7	12	
2	-3	2	13	38	15	2	6	5	
3	-2	2	10	51	19	3	4	5	
5	-1	5	14	59	22	3	3	0	
5	-1	7	19	69	23	4	2	7	
4	0	6	19	71	23	5	4	15	
3	-3	5	19	74	23	3	5	8	
3	-2	5	19	75	23	4	5	0	
5	-1	4	19	75	24	5	4	1	
5	-2	2	19	73	24	3	5	1	
4	-2	1	17	67	21	3	4	-1	
4	-4	0	13	57	21	2	4	3	
4	-6	0	8	41	16	0	5	7	
2	-7	-9	-24	-71	-20	-4	4	26	
1	-7	-9	-24	-68	-22	-9	-2	29	
0	-9	-8	-23	-68	-22	-10	-1	21	
2	-2	2	16	39	29	9	6	7	
1	0	7	20	51	36	12	8	5	
3	1	8	22	63	46	17	10	15	
5	4	12	26	86	51	20	11	18	
3	2	12	30	93	55	22	11	9	
3	0	13	38	113	66	23	12	7	
5	2	16	41	125	72	24	12	14	
4	2	17	47	138	76	27	13	17	
4	2	17	50	143	80	31	15	17	
6	4	18	52	153	84	31	15	13	
6	4	18	52	154	85	30	15	6	
8	3	18	54	154	86	32	16	9	
7	4	20	53	157	86	34	16	13	
6	5	20	53	159	86	34	15	9	
5	5	19	52	158	86	34	13	8	
4	5	18	50	156	84	32	12	12	
3	5	17	51	155	83	31	13	4	
3	5	17	50	152	82	32	13	3	
8	7	18	50	149	81	32	11	8	
9	6	18	48	144	78	31	10	5	
8	2	15	47	141	77	31	11	-2	
7	2	13	44	128	73	30	11	-1	
7	2	13	42	115	68	27	10	4	
7	2	12	39	106	64	25	6	-2	
5	3	8	30	84	51	22	6	3	
-1	6	13	17	55	23	3	7	4	
0	4	14	17	56	23	0	8	22	
0	4	13	16	57	21	1	8	-13	
0	4	12	16	58	22	1	8	8	
0	4	13	16	58	22	3	10	1	
0	5	15	16	57	21	5	11	-17	
1	5	14	14	58	25	5	13	-8	
0	5	13	14	59	25	3	10	2	
0	5	13	15	58	21	2	9	-2	
0	5	13	11	49	15	2	11	2	
-1	5	11	8	34	7	-1	9	1	
0	2	10	40	108	78	29	6	-3	
3	2	10	41	110	79	29	8	-3	
3	1	10	41	109	78	28	9	1	
2	3	9	37	108	76	30	7	2	
3	3	10	38	108	75	29	7	1	
6	2	12	44	109	77	28	8	0	
5	2	10	42	109	77	27	8	-2	
2	2	7	40	109	73	27	7	4	
3	3	7	38	107	70	29	7	0	
4	1	6	33	100	62	25	6	-9	
4	0	5	33	85	57	24	5	1	
3	-1	3	26	77	53	22	6	5	
0	0	0	0	18	-15	-1	-2	0	
0	1	3	13	41	-10	-1	0	-1	
0	1	6	26	86	3	1	3	5	
1	2	11	30	108	10	7	4	8	
4	7	17	44	153	26	12	4	6	
6	7	21	53	192	40	14	5	8	
7	6	24	64	207	46	16	6	10	
7	6	24	71	237	54	18	9	7	
6	8	25	76	258	58	19	7	8	
7	10	30	81	264	58	19	7	5	
7	12	29	82	268	59	21	11	0	
9	13	30	82	268	61	21	11	5	
8	11	31	83	266	61	20	9	8	
6	11	30	83	265	59	21	10	13	
5	11	30	83	263	58	21	7	4	
4	11	27	76	253	56	22	7	2	
4	11	25	73	247	55	24	8	3	
5	10	24	69	233	52	22	8	9	
7	10	24	67	226	49	18	8	11	
7	8	21	62	207	43	14	6	9	
6	7	20	58	183	36	12	5	5	
5	5	16	50	172	33	12	6	7	
4	3	13	46	160	29	11	1	13	
4	3	13	43	141	24	10	0	9	
6	5	15	41	137	24	8	3	9	
1	4	16	21	48	31	13	7	-1	
2	4	14	28	61	35	13	8	7	
2	4	13	28	61	33	15	5	10	
-1	2	13	26	62	33	13	4	12	
0	2	13	26	62	34	12	8	8	
0	4	14	26	62	34	12	9	0	
0	4	14	26	61	34	11	10	0	
0	6	10	27	60	35	14	11	-5	
1	6	10	25	61	35	14	8	-30	
2	5	14	25	62	34	14	9	-13	
0	5	16	25	61	33	13	10	-5	
-1	3	15	24	59	32	13	9	-17	
0	3	14	25	61	35	11	7	-36	
0	3	14	25	61	35	12	4	-24	
0	2	13	25	60	34	14	5	-7	
0	2	13	25	61	33	16	6	-1	
0	5	13	25	61	31	16	6	-6	
-2	4	13	25	61	31	13	3	-32	
-1	2	11	25	61	33	13	1	-29	
0	4	12	26	58	31	13	4	-6	
-1	3	11	23	47	30	14	4	-7	
-3	0	10	20	38	28	10	5	-7	
4	13	28	36	49	47	19	11	-6	
6	15	33	46	72	55	26	12	1	
6	16	31	48	81	61	27	11	-4	
4	15	30	48	80	60	26	12	-25	
1	16	33	48	80	56	26	12	-20	
3	16	33	49	81	58	29	12	0	
5	14	33	49	81	58	28	13	-1	
5	14	32	48	80	57	28	12	-6	
3	13	31	49	80	57	30	13	-2	
4	13	32	50	84	57	30	13	3	
5	13	32	47	84	57	29	13	10	
5	12	33	46	82	57	28	11	15	
5	13	33	49	81	57	28	8	-11	
6	14	32	49	80	56	29	10	-14	
6	13	32	49	80	56	30	11	3	
5	12	30	49	82	58	30	10	-5	
5	11	29	50	82	59	30	10	8	
6	12	30	50	82	57	30	9	18	
4	12	32	49	82	54	30	7	16	
3	12	32	49	82	55	30	10	17	
4	12	31	46	84	56	31	12	3	
4	12	29	46	84	56	30	8	8	
5	12	27	48	80	56	30	7	10	
4	11	27	44	52	50	27	8	-6	
3	8	24	28	29	41	21	6	-5	
4	7	21	20	4	0	0	0	0	
5	11	29	48	41	54	20	7	-6	
6	15	37	65	90	68	26	9	-3	
6	15	38	67	97	71	30	9	1	
6	15	38	67	97	70	30	11	1	
6	14	38	68	97	71	28	11	-24	
6	14	39	68	97	72	27	11	-34	
5	15	39	65	96	72	29	12	-17	
5	15	40	65	96	73	30	12	-12	
7	14	39	67	96	73	31	12	-14	
5	13	37	67	95	73	30	9	1	
2	13	37	64	95	72	29	7	5	
4	14	37	64	97	73	31	9	2	
8	13	35	66	97	73	31	9	4	
7	12	35	65	95	70	31	9	32	
5	12	37	67	97	71	32	11	26	
6	14	37	68	98	73	32	10	0	
7	14	36	68	95	73	29	9	12	
6	14	36	70	96	73	29	12	11	
7	15	37	68	98	74	29	12	2	
5	14	37	69	100	74	29	9	-4	
5	16	40	70	100	72	31	11	6	
4	15	42	69	95	71	30	11	-2	
4	13	38	71	96	71	31	7	14	
4	12	36	71	98	71	33	10	31	
4	14	34	68	97	71	31	10	6	
3	12	35	67	97	72	28	12	-3	
6	12	36	66	91	72	27	12	-7	
5	14	34	64	85	67	26	8	-8	
6	13	34	62	69	60	23	8	-3	
6	12	31	55	46	50	20	5	0	
3	12	27	50	30	44	21	2	-2	
3	12	24	42	-5	35	21	3	-4	
-1	0	0	25	221	33	2	10	21	
-1	-2	0	25	218	33	2	10	5	
-1	-2	0	24	214	33	2	12	1	
-1	-2	2	20	205	28	0	11	11	
-1	-1	2	19	199	27	0	11	2	
0	-1	0	16	188	25	0	9	-4	
0	-2	0	14	175	21	-3	7	4	
0	-1	-1	13	170	20	-4	7	12	
0	-4	-4	6	162	17	-3	7	7	
1	-4	-5	5	157	16	-3	5	1	
-1	-4	-5	1	148	13	-5	5	5	
-1	-4	-5	1	143	12	-8	4	2	
-1	-4	-10	3	140	11	-8	1	10	
-2	-4	-10	1	139	9	-8	2	11	
-1	-5	-8	1	138	7	-8	5	4	
-2	-5	-7	2	136	7	-7	6	5	
-3	-4	-6	1	136	8	-7	6	2	
-3	-4	-6	0	132	7	-9	2	7	
-2	-6	-7	0	130	8	-13	3	15	
-2	-8	-8	0	124	6	-14	3	5	
-3	-7	-9	-2	122	3	-12	2	0	
-3	-6	-9	-7	116	2	-12	5	3	
-3	-8	-13	-7	111	2	-12	3	6	
-6	-17	-31	-66	-92	-67	-35	-7	16	
0	-5	-7	-10	19	-16	-13	0	0	
1	-5	-4	-2	40	2	-7	1	0	
1	-2	4	17	79	9	-6	4	2	
1	-2	7	25	109	21	-3	6	0	
1	0	11	32	121	24	-1	8	6	
1	1	15	37	145	31	1	8	5	
4	1	20	48	156	38	1	8	0	
4	2	20	53	170	41	4	8	5	
6	4	20	57	174	42	5	7	0	
7	4	20	57	179	48	7	9	0	
2	3	20	55	180	47	7	9	5	
2	3	21	55	180	45	8	8	0	
6	4	24	59	181	45	8	12	5	
6	4	23	61	183	46	7	13	5	
5	5	21	60	184	48	7	10	-2	
5	5	21	59	184	48	7	10	0	
2	3	20	59	187	46	6	10	0	
2	3	21	60	187	47	7	11	-1	
5	4	21	60	183	47	8	11	4	
5	4	20	60	183	46	6	10	6	
6	2	19	60	183	47	6	10	6	
6	3	19	59	182	49	8	10	2	
5	5	18	57	182	49	8	10	-7	
5	5	17	58	182	48	7	8	-3	
5	4	17	56	183	48	7	9	1	
4	4	17	55	186	49	7	10	2	
5	3	17	54	187	49	4	11	10	
5	2	16	55	186	47	4	11	4	
4	4	17	60	185	46	5	10	-1	
3	5	17	60	186	47	6	10	2	
2	3	16	62	187	47	6	10	1	
2	1	16	61	183	45	3	10	2	
2	1	14	52	168	41	1	9	-3	
4	1	10	47	153	39	3	6	-2	
3	-1	5	40	105	20	-2	3	2	
4	15	26	48	69	48	29	6	16	
4	15	26	45	67	48	28	9	1	
6	15	26	46	67	50	26	11	8	
5	14	25	47	70	51	25	10	16	
4	14	23	48	70	50	27	4	-2	
4	14	25	47	70	50	29	5	-11	
6	14	28	46	70	50	31	8	0	
6	14	28	47	70	48	31	6	4	
5	15	26	48	69	47	31	6	3	
5	15	26	47	68	47	31	5	-14	
4	14	28	47	69	47	31	7	-15	
3	14	27	46	71	47	32	9	0	
4	15	26	46	72	47	30	8	-9	
5	16	29	47	70	46	31	6	-21	
6	15	29	48	70	45	33	7	-11	
6	15	29	47	70	45	31	6	1	
6	15	27	46	69	45	28	4	1	
4	15	25	45	63	42	28	5	-1	
3	14	24	44	55	39	27	6	-5	
5	12	24	41	40	37	27	5	-9	
4	12	20	36	30	37	28	3	-4	
3	12	19	25	2	30	26	3	3	
2	11	18	21	-13	26	25	2	2	
4	11	16	7	-48	17	22	-3	8	
2	9	11	0	-66	11	17	-4	8	
4	14	27	52	25	47	24	6	-3	
6	17	32	63	72	60	29	9	-10	
9	18	40	73	80	65	30	12	-4	
9	18	39	73	81	64	31	11	-2	
7	18	36	72	81	63	32	7	1	
8	18	35	71	81	67	32	7	-11	
8	18	36	71	81	65	31	7	-5	
6	16	36	70	83	64	29	8	3	
7	16	36	70	83	66	31	11	2	
8	19	37	72	84	67	33	8	-1	
9	19	38	73	84	69	31	8	-11	
8	19	37	73	82	68	31	13	1	
5	19	35	72	82	63	31	11	-13	
7	18	35	72	83	63	31	9	0	
7	17	36	72	83	66	29	10	3	
8	18	38	73	82	66	28	8	-3	
7	19	37	71	84	65	31	11	13	
6	15	37	71	86	65	31	12	4	
8	15	37	72	85	67	29	8	-9	
8	14	36	71	84	67	28	8	10	
7	14	36	71	83	65	27	7	5	
5	16	37	71	83	65	28	6	-12	
6	16	38	71	84	67	29	8	0	
7	17	39	72	84	67	29	9	1	
7	18	37	72	83	66	29	8	-8	
9	17	36	69	81	64	29	9	-8	
9	17	36	68	79	63	29	9	0	
6	15	33	68	71	62	28	10	7	
7	15	32	65	64	54	24	10	3	
9	15	32	59	43	51	23	8	2	
8	15	32	57	33	46	22	4	5	
6	15	28	47	8	37	18	3	-3	
6	13	27	45	-5	31	13	2	-5	
6	15	22	39	-32	19	16	1	4	
0	0	0	0	0	0	0	0	5	
-6	-4	-9	-5	141	24	3	6	5	
-6	-3	-10	-4	146	23	3	6	2	
-6	-5	-10	-2	150	27	5	6	2	
-3	-5	-9	-2	151	30	6	6	4	
-3	-5	-9	0	152	28	6	6	9	
-3	-6	-7	1	152	27	6	7	9	
-3	-4	-7	0	152	28	8	10	5	
-4	-3	-10	0	151	28	8	10	6	
-3	-4	-10	0	145	25	6	8	8	
-1	-4	-10	-4	140	26	4	7	11	
-1	-5	-11	-11	130	21	4	7	8	
-3	-6	-13	-11	123	16	3	6	8	
-6	-6	-16	-14	106	10	0	6	8	
-5	-6	-17	-16	99	7	0	6	10	
-4	-7	-19	-20	85	1	-5	7	12	
-5	-7	-23	-23	78	0	-5	4	10	
8	14	38	61	53	63	27	6	-6	
6	15	39	68	79	73	28	9	6	
7	14	39	68	81	74	28	12	-13	
6	13	39	68	79	73	28	8	-24	
6	13	39	68	80	72	28	8	-2	
7	12	37	68	80	73	28	7	-7	
7	15	39	71	80	74	29	7	-3	
7	15	40	76	80	74	27	7	-2	
10	16	39	75	79	74	27	5	-2	
11	16	38	75	77	75	28	7	3	
9	11	38	76	77	73	27	7	-2	
9	12	39	74	79	72	27	8	-41	
10	12	39	71	80	72	27	8	-47	
8	10	38	71	80	70	27	6	-23	
6	11	38	73	80	69	29	8	-1	
8	12	37	74	79	71	29	7	23	
10	12	37	72	80	74	28	9	-8	
10	11	39	72	80	74	28	9	-35	
7	10	39	72	82	76	28	9	-16	
6	10	39	71	82	77	30	9	-9	
8	10	38	69	82	76	31	8	-3	
8	11	39	68	81	74	28	8	3	
6	12	39	67	81	74	30	9	4	
5	10	38	66	77	73	30	7	2	
8	6	36	67	71	73	28	5	-2	
9	6	34	65	64	69	25	3	-5	
4	5	34	62	62	62	24	5	-11	
2	4	31	59	52	56	25	5	-9	
2	5	28	57	48	56	26	0	-3	
3	4	30	52	37	48	22	0	-4	
4	4	32	50	29	41	18	0	-10	
5	4	29	48	16	31	13	-2	-13	
4	3	28	46	8	26	8	-2	-5	
3	6	27	40	-11	15	5	-2	-4	
0	4	21	39	24	32	11	1	0	
0	7	28	57	77	65	21	7	4	
1	9	30	64	104	82	28	11	4	
2	11	36	76	135	101	38	13	5	
2	13	37	78	135	101	37	12	13	
1	13	36	78	134	101	35	11	-2	
4	13	35	77	135	104	37	13	-14	
5	14	34	78	135	102	38	15	0	
2	13	34	79	135	99	37	16	-2	
2	12	35	78	136	101	39	17	-30	
0	14	35	76	136	99	39	11	-41	
0	13	35	77	138	99	38	9	-10	
1	14	36	77	138	101	38	10	2	
2	15	35	76	136	99	35	12	-34	
4	14	34	77	137	100	35	14	-30	
2	16	34	77	138	101	38	13	-2	
0	18	35	76	137	98	39	14	-1	
3	16	37	79	135	98	40	13	11	
2	16	36	79	135	99	40	11	17	
0	17	34	79	138	100	40	11	12	
0	16	35	79	139	100	40	12	4	
0	15	35	78	137	100	39	13	0	
1	14	36	79	137	101	39	14	4	
2	14	36	79	137	101	40	10	0	
1	17	37	80	137	101	39	8	5	
2	19	37	78	137	102	39	13	15	
2	17	36	75	138	102	41	14	2	
0	15	36	76	139	102	42	14	5	
0	18	35	75	133	100	41	14	4	
0	19	35	73	119	92	37	11	-10	
0	17	35	73	115	91	35	9	-6	
1	16	35	64	98	83	32	8	2	
1	13	32	58	82	77	30	9	0	
1	13	30	54	66	62	24	5	-3	
1	11	23	48	34	54	21	0	-2	
-1	11	28	46	45	53	26	7	-3	
0	11	30	57	80	71	31	10	1	
1	15	38	76	139	103	41	17	-4	
3	17	40	80	148	110	45	21	1	
3	17	40	80	148	110	47	22	10	
5	17	40	81	149	110	46	21	0	
4	17	41	81	148	110	46	21	2	
2	17	40	81	149	111	45	20	8	
2	17	37	78	151	113	44	16	-16	
2	16	38	75	152	113	47	16	-12	
1	15	37	79	152	115	48	18	-4	
1	17	39	79	153	113	48	20	-7	
1	17	41	78	152	112	48	24	15	
2	16	39	74	150	114	48	21	0	
3	16	39	74	151	114	48	20	-2	
2	17	39	76	153	115	47	20	14	
2	18	39	76	153	115	47	20	4	
0	16	39	74	152	111	48	20	-10	
1	16	39	74	152	114	47	19	1	
2	17	39	76	152	115	46	20	-6	
2	17	38	76	153	114	47	21	-21	
1	18	38	76	153	114	51	22	-9	
0	17	39	77	153	113	52	21	6	
0	15	40	76	154	113	48	23	5	
0	15	39	76	152	113	45	23	8	
0	16	36	74	145	113	45	19	-3	
0	17	35	72	144	111	46	20	-9	
0	17	35	72	139	111	47	21	-5	
0	16	36	70	131	111	46	19	0	
-1	14	34	62	110	105	44	18	7	
-2	13	33	58	99	100	42	18	1	
-3	13	29	48	76	93	41	16	-5	
-1	16	25	45	63	91	40	16	0	
0	15	24	35	36	82	34	15	0	
0	10	19	29	6	72	31	9	-9	
-4	8	14	14	-26	62	30	8	-9	
4	1	5	23	162	-5	-3	3	0	
5	3	5	23	162	-5	-2	4	6	
6	3	5	22	160	-7	-2	2	10	
6	1	4	22	156	-7	-4	1	3	
5	1	4	22	153	-8	-6	0	4	
6	2	4	18	145	-11	-6	1	5	
6	1	4	18	141	-11	-6	1	5	
6	0	0	14	130	-13	-7	0	2	
5	0	0	10	118	-16	-8	0	2	
5	0	0	9	109	-19	-8	0	7	
6	0	-1	0	84	-27	-11	0	8	
0	11	35	83	174	105	35	17	21	
0	11	35	83	174	105	35	18	22	
0	12	36	81	173	104	35	15	19	
0	12	35	81	175	103	33	11	20	
1	12	36	85	175	103	30	14	16	
1	14	36	85	174	104	31	13	2	
6	15	34	84	174	106	31	12	1	
6	15	34	84	172	105	30	13	0	
-1	12	37	79	170	99	29	12	-9	
0	12	37	78	164	98	29	9	0	
3	13	34	77	144	96	26	9	5	
3	10	32	71	130	92	24	8	9	
2	7	24	49	96	77	22	8	4	
4	8	21	41	57	56	12	7	0	
6	11	28	61	95	73	20	9	5	
7	17	42	93	167	102	33	13	-4	
7	21	45	104	194	110	37	11	-8	
9	21	48	109	215	117	43	15	6	
8	21	48	106	215	119	43	19	5	
8	21	47	107	215	119	39	15	0	
6	21	47	107	215	118	39	14	-5	
4	21	46	107	215	118	40	16	-14	
6	22	44	109	214	117	41	14	0	
8	22	45	109	214	117	41	15	15	
9	21	48	107	214	120	41	17	16	
7	21	50	105	214	120	43	17	15	
4	19	48	106	214	119	42	18	4	
4	19	47	108	214	119	40	18	0	
9	21	47	107	214	120	40	17	1	
10	21	47	106	215	120	41	18	0	
8	20	47	107	217	120	41	20	-17	
9	20	47	109	217	119	40	20	-10	
9	23	49	108	215	117	41	17	3	
8	23	49	108	216	121	42	14	-4	
9	21	49	108	216	122	43	15	4	
9	21	49	107	217	120	43	18	0	
3	21	49	109	218	118	42	18	-4	
4	21	49	110	216	117	40	19	-2	
8	21	50	108	215	117	39	17	-22	
8	22	50	107	214	118	37	14	-10	
9	23	49	104	204	111	37	16	8	
7	22	48	101	192	103	36	15	-1	
8	20	46	100	188	103	33	13	3	
8	20	46	99	175	96	29	14	6	
2	19	44	91	169	91	29	13	-4	
2	18	42	88	156	85	27	12	-9	
1	16	40	84	148	78	24	13	-4	
1	16	40	76	128	64	19	10	0	
3	15	35	72	118	62	17	8	2	
2	13	32	66	0	0	0	0	0	
2	3	16	26	26	7	-3	-1	-3	
1	4	16	30	38	14	-3	0	-5	
2	6	18	34	46	22	-2	0	-8	
3	6	19	42	75	41	5	2	-4	
0	7	24	48	89	46	10	3	-5	
0	9	28	60	119	66	18	7	3	
4	10	31	66	137	76	21	8	8	
4	12	34	79	173	92	28	11	-4	
6	13	43	87	189	105	30	15	-4	
7	14	45	95	204	115	32	19	-3	
9	19	46	101	224	125	39	18	-10	
8	19	45	100	226	127	44	18	-5	
7	18	44	99	226	128	45	15	0	
7	17	47	101	224	128	44	15	-4	
7	18	47	101	223	127	42	12	-9	
7	17	47	101	225	127	42	15	-1	
8	15	45	101	226	128	42	16	0	
7	16	45	101	227	128	41	17	-4	
6	15	44	101	227	128	42	18	-3	
9	16	45	102	227	128	42	19	-29	
10	17	49	104	227	128	42	19	-26	
9	16	47	103	227	128	43	18	-4	
8	15	48	102	226	127	43	22	4	
9	16	48	103	228	130	43	20	0	
7	16	48	103	228	130	45	22	6	
8	14	47	107	229	131	46	20	5	
4	15	47	108	229	129	45	19	17	
0	14	47	105	229	127	44	16	2	
3	14	47	101	229	131	46	18	-44	
5	12	47	101	229	132	45	22	-30	
5	11	46	103	227	127	43	20	-2	
7	16	46	103	227	127	46	20	5	
8	17	47	103	227	128	47	20	4	
6	17	47	103	224	127	46	20	-5	
5	16	47	101	217	119	42	20	1	
5	14	46	92	194	116	39	18	0	
5	15	45	88	184	112	36	16	2	
5	13	40	81	153	100	33	14	11	
6	11	38	74	131	90	0	0	0	
1	5	16	33	18	33	11	5	0	
2	6	22	45	64	53	17	6	1	
4	8	28	64	128	82	29	11	2	
5	10	35	76	162	96	31	14	0	
5	11	38	85	214	116	38	17	4	
6	14	44	94	227	121	41	16	9	
6	14	45	96	233	126	42	14	7	
6	12	47	97	233	127	40	18	2	
6	13	46	96	233	126	42	19	9	
10	13	45	95	233	127	42	18	4	
10	13	45	95	234	128	40	18	-28	
5	14	44	95	234	125	41	16	-21	
5	14	42	95	233	123	41	14	3	
7	15	42	97	233	125	42	13	-16	
5	17	42	97	235	126	40	14	-3	
5	15	43	95	236	125	35	17	-9	
6	12	43	95	234	125	35	13	-15	
7	12	42	95	234	127	37	12	4	
6	13	41	94	235	125	39	11	-17	
6	13	43	94	235	125	41	12	0	
8	15	44	93	234	126	40	15	13	
8	15	43	94	235	125	39	14	-3	
7	13	45	96	236	124	38	14	7	
7	13	45	96	238	126	38	16	5	
9	14	42	95	239	126	40	16	4	
9	14	42	94	239	124	40	16	-6	
9	16	45	94	237	125	41	17	-9	
9	17	44	95	237	125	41	17	-8	
7	16	40	97	235	123	41	14	-3	
8	15	40	94	226	122	38	14	5	
6	13	37	79	195	113	36	16	-3	
6	12	35	70	177	102	34	14	-2	
3	9	26	55	130	97	31	12	-4	
0	0	0	0	23	61	15	7	-2	
3	2	12	26	35	64	17	7	-7	
4	3	16	36	62	70	20	7	-1	
4	5	18	42	83	74	22	7	0	
4	7	27	60	138	90	23	9	-8	
4	8	32	70	168	106	28	14	-3	
6	13	37	88	218	110	32	13	0	
8	13	40	95	236	114	34	14	-1	
5	13	43	95	237	114	35	16	19	
5	13	43	96	238	116	35	17	30	
5	14	42	102	239	119	34	18	17	
5	14	40	102	238	119	35	18	3	
6	13	40	95	237	117	35	18	0	
6	12	40	96	235	117	33	16	-1	
8	13	41	97	234	117	33	14	-23	
9	15	40	98	238	117	33	14	-7	
7	13	40	96	237	117	32	14	0	
5	13	40	96	236	117	32	14	-9	
7	13	40	97	238	117	32	14	-14	
7	13	39	96	239	118	32	14	-5	
5	15	40	95	239	117	34	16	3	
7	16	42	95	239	118	33	19	-13	
7	16	43	96	238	118	30	19	-17	
6	16	43	97	238	116	30	18	2	
8	17	38	98	238	116	31	17	15	
7	16	38	98	238	117	30	16	6	
7	16	41	98	238	119	30	17	-8	
7	14	40	87	221	117	28	16	-9	
4	12	37	79	202	108	23	15	1	
4	11	30	66	157	91	19	13	6	
2	8	25	58	132	80	16	11	0	
4	3	13	33	64	57	12	9	10	
4	5	19	43	102	71	16	13	3	
4	11	31	73	182	98	27	16	4	
6	13	38	89	214	114	33	19	-16	
7	11	40	98	236	115	33	17	-33	
7	11	37	98	238	115	36	18	-12	
7	15	37	98	240	115	37	19	14	
8	15	38	100	239	113	34	17	-13	
8	13	39	101	237	114	30	16	-25	
9	13	40	98	238	116	30	17	-6	
7	13	40	96	239	116	34	19	0	
5	14	39	98	239	115	34	21	8	
5	13	38	98	239	116	34	20	8	
6	12	36	97	240	116	34	18	8	
7	12	37	97	239	117	36	21	-10	
7	12	41	97	239	117	35	21	6	
5	12	42	97	241	116	34	19	-12	
5	12	40	99	240	116	36	19	6	
7	11	41	99	238	117	35	18	24	
5	12	42	97	239	116	36	22	-1	
3	9	39	96	239	116	38	20	3	
5	8	39	96	239	115	36	21	-3	
7	10	40	97	240	115	35	21	0	
8	12	40	98	240	118	37	19	16	
10	11	40	95	240	120	37	20	5	
8	10	37	94	238	117	37	17	-6	
3	8	36	93	211	104	34	14	-7	
3	7	33	82	194	98	31	15	3	
4	6	27	70	158	79	23	11	1	
4	0	24	60	133	69	18	9	1	
-1	-2	5	22	16	14	2	-2	2	
-1	0	11	30	44	25	7	2	1	
-1	0	14	31	61	30	9	4	1	
-1	2	22	46	105	49	16	4	2	
5	4	27	55	130	65	20	7	0	
6	6	30	65	181	89	30	15	-7	
4	8	37	86	205	98	35	13	-3	
4	9	41	92	235	111	39	13	0	
2	10	41	94	239	112	41	18	8	
2	10	41	94	238	112	43	17	13	
3	10	41	93	238	112	43	13	-3	
2	10	42	95	238	113	42	15	2	
2	10	41	94	239	116	42	18	8	
4	10	38	93	240	116	42	18	-6	
4	9	39	95	240	114	40	18	13	
2	9	41	95	238	113	41	15	9	
0	11	40	95	238	112	42	15	-8	
1	13	40	96	238	112	42	16	-3	
4	11	41	94	237	112	40	14	-28	
5	10	41	92	240	114	41	14	-27	
7	11	43	94	241	115	43	17	0	
6	12	43	96	239	116	41	18	5	
5	13	40	96	238	116	41	14	-21	
2	11	40	95	239	115	41	18	-19	
3	9	42	94	239	115	41	18	-2	
4	9	40	93	240	115	41	15	5	
4	8	40	95	240	113	40	15	7	
3	9	40	96	240	114	41	12	-21	
2	9	40	94	242	117	43	15	-12	
2	8	41	94	244	117	43	20	9	
2	8	41	95	244	116	43	20	0	
2	9	41	95	243	116	42	17	-7	
3	7	43	94	239	116	42	19	1	
3	6	40	82	197	102	37	17	10	
0	4	30	72	167	93	33	13	1	
-1	2	27	61	142	85	0	0	0	
3	5	12	24	19	45	15	8	3	
2	6	17	48	96	70	22	11	4	
3	8	27	66	145	85	29	12	-4	
3	15	38	95	229	112	39	17	-6	
6	16	41	99	245	120	38	19	-1	
7	16	41	99	246	120	37	19	-1	
6	17	41	100	246	120	37	20	-6	
7	18	43	101	246	119	40	19	-28	
6	18	43	103	246	118	40	18	-5	
7	17	39	104	245	120	38	18	7	
8	15	39	102	245	120	38	18	15	
5	15	42	104	246	120	40	19	-13	
5	16	42	105	246	120	40	21	-28	
5	15	40	101	245	120	40	21	-4	
3	14	40	102	244	119	38	18	-12	
1	16	41	102	244	117	40	17	3	
3	17	41	101	245	118	41	17	-5	
8	14	42	102	246	120	38	19	-11	
8	14	42	102	246	119	37	18	9	
5	16	42	105	246	119	37	15	4	
5	17	42	106	247	119	37	15	10	
6	17	41	104	244	119	38	19	9	
6	16	41	104	243	119	38	22	1	
8	15	41	104	243	119	36	21	1	
8	15	41	104	243	118	36	22	7	
8	15	41	104	243	118	36	20	-12	
7	15	41	104	243	118	36	21	-9	
7	16	42	106	245	118	40	22	7	
8	16	42	105	246	118	39	21	3	
8	14	41	104	245	117	36	21	-4	
8	15	41	106	244	117	37	21	-5	
8	15	41	107	244	119	36	21	-2	
9	16	43	108	244	116	36	22	-15	
8	16	43	108	244	115	35	19	-34	
6	16	43	108	244	115	35	16	-28	
7	15	41	106	242	117	35	18	-15	
7	15	41	106	241	118	36	19	-1	
8	16	42	106	243	118	36	21	16	
9	16	42	106	244	119	36	22	24	
9	16	41	104	245	120	36	18	7	
8	17	41	104	244	121	36	18	-1	
9	17	42	108	244	121	36	18	-8	
9	17	42	109	244	117	35	17	-30	
5	18	42	106	242	115	35	18	-20	
4	18	41	104	243	118	36	18	-2	
5	17	41	105	243	120	36	18	0	
6	16	42	104	243	120	36	17	4	
6	16	40	102	244	119	36	11	-4	
5	17	40	104	245	118	38	13	10	
6	17	45	105	245	119	38	22	8	
5	18	45	104	244	119	36	24	-10	
5	17	42	104	243	121	36	23	-1	
5	15	42	104	243	121	34	19	-13	
5	14	43	107	244	120	33	18	-17	
4	14	43	108	244	119	33	20	0	
3	15	43	105	245	122	33	19	-5	
5	16	44	105	245	123	35	19	1	
6	16	47	107	244	120	35	21	25	
6	16	47	107	243	119	35	21	17	
6	15	46	108	243	118	34	20	5	
5	15	45	107	243	119	34	20	1	
6	15	45	108	243	120	34	19	-5	
6	16	46	108	245	119	36	20	7	
5	16	46	105	245	119	36	20	9	
5	15	46	105	242	118	33	17	-6	
5	14	46	105	242	117	35	20	0	
6	14	45	103	242	119	35	20	-24	
7	15	46	103	240	117	34	20	-33	
9	15	48	103	239	117	34	21	-6	
8	14	48	102	239	120	35	20	-2	
9	14	48	102	241	121	36	22	11	
9	16	48	102	242	121	37	25	26	
5	14	48	104	242	119	37	24	4	
4	12	47	104	243	117	36	21	-12	
8	13	46	107	243	118	35	19	-8	
9	14	46	107	241	118	33	20	4	
7	15	48	103	240	118	34	25	20	
5	14	48	104	240	119	38	26	4	
5	13	46	102	243	119	38	25	-4	
5	14	46	100	245	118	38	26	-5	
8	13	46	102	242	120	38	24	-5	
7	13	46	102	239	122	39	20	13	
4	11	45	99	241	119	39	21	4	
7	11	45	100	242	116	37	18	-10	
9	14	49	102	242	116	38	18	1	
7	14	49	103	243	118	40	18	21	
6	14	48	103	243	119	40	17	22	
7	14	49	101	241	118	41	20	5	
7	14	49	100	242	116	42	20	-8	
7	15	49	100	243	115	42	16	-12	
7	13	47	105	243	116	39	15	-9	
7	13	43	107	245	117	39	17	11	
6	14	44	104	245	117	40	19	0	
4	13	47	105	243	117	40	21	0	
4	14	47	105	243	116	40	18	-24	
4	16	48	104	242	115	39	17	-8	
5	15	49	103	242	118	40	17	9	
5	14	48	102	242	121	41	16	-1	
3	14	48	104	241	119	40	17	4	
3	14	50	106	242	118	39	16	-29	
7	12	51	103	243	121	37	16	-26	
6	13	51	102	242	121	37	19	-18	
4	15	51	104	242	119	38	19	-4	
5	16	52	106	243	121	39	20	7	
5	16	52	106	242	121	40	22	-3	
4	14	51	106	238	122	38	21	-13	
5	14	50	107	238	124	37	19	-7	
5	14	50	105	242	126	39	20	3	
1	14	49	104	243	122	39	16	-12	
1	15	48	105	241	119	39	16	-41	
3	15	48	105	240	121	39	19	-13	
3	15	50	108	240	121	38	18	9	
4	15	51	109	240	122	39	20	9	
4	15	50	109	241	122	39	18	3	
2	11	51	108	241	121	38	18	-17	
2	12	50	108	241	121	38	19	-21	
5	12	51	108	241	122	37	20	-6	
5	12	52	107	242	120	36	19	-6	
7	12	52	105	242	120	37	17	0	
8	12	52	105	241	122	37	19	3	
6	12	51	105	242	122	37	22	-11	
4	12	51	105	242	122	40	22	-2	
3	13	52	104	239	121	40	17	-6	
4	14	52	104	238	121	38	16	-28	
7	13	52	106	240	123	40	21	-19	
7	11	52	105	240	122	38	19	0	
6	11	51	104	240	121	36	16	-3	
6	12	49	103	240	122	37	19	5	
7	13	50	101	240	122	38	18	-15	
7	12	52	101	242	122	37	18	-28	
5	12	52	103	243	122	38	21	-13	
5	13	53	106	243	123	40	19	-15	
7	13	53	105	241	123	42	16	-25	
5	13	53	103	241	122	43	19	-18	
3	11	53	105	243	123	41	20	-4	
3	10	50	105	245	122	40	20	6	
3	11	50	105	244	122	40	18	-8	
0	14	51	106	242	122	43	18	-12	
2	15	51	105	245	124	46	23	4	
5	13	53	103	247	125	42	23	-1	
5	13	55	105	246	123	38	19	0	
7	14	55	111	247	123	39	19	14	
6	11	53	110	246	124	42	21	5	
5	11	53	108	245	124	41	22	5	
6	11	53	109	244	123	41	22	-9	
6	10	52	109	246	124	41	24	11	
5	12	52	109	247	124	43	23	-1	
6	12	53	110	247	124	44	21	-9	
4	10	50	110	246	124	44	22	-1	
5	9	49	106	246	123	45	23	0	
5	11	51	108	245	122	43	22	7	
4	11	52	111	246	122	43	21	12	
3	10	53	108	246	123	41	19	2	
3	10	51	108	245	122	39	19	-4	
3	9	51	110	247	122	43	24	-11	
2	11	51	110	247	124	45	25	-14	
2	13	50	109	245	124	42	24	-1	
1	11	51	107	245	121	41	24	-1	
2	12	50	106	245	122	43	20	-6	
6	12	47	108	245	125	44	19	5	
4	11	45	107	246	124	43	22	6	
4	11	48	107	246	124	42	21	-4	
3	8	50	111	246	123	44	22	4	
0	8	47	111	246	119	44	17	-5	
0	12	48	111	246	120	45	19	-2	
1	13	51	111	247	121	46	26	15	
1	13	51	109	249	123	46	25	6	
3	13	51	110	248	125	46	23	3	
4	12	51	110	248	122	45	21	-3	
3	11	51	107	248	120	45	21	-32	
2	12	50	108	247	121	43	19	-23	
1	12	50	110	248	122	41	21	-2	
1	12	52	108	248	123	43	25	-5	
1	12	52	108	247	122	44	24	0	
0	12	50	108	247	121	44	22	-7	
0	11	48	107	246	123	43	22	-14	
0	13	49	108	245	120	41	24	-4	
0	13	49	110	245	119	40	21	0	
0	11	47	110	247	123	40	20	5	
0	11	47	110	247	123	40	21	0	
0	11	47	109	245	122	40	22	-11	
0	12	47	110	245	121	41	23	-2	
0	12	48	110	246	121	42	20	0	
3	12	49	111	247	124	42	19	0	
5	10	48	110	247	124	42	24	1	
4	9	53	109	246	122	42	27	0	
2	11	53	111	247	119	41	23	4	
2	12	52	110	246	120	41	21	-6	
2	12	52	109	246	122	41	21	-44	
2	11	53	111	249	122	41	24	-30	
4	11	53	111	249	123	42	25	3	
2	11	52	109	248	121	41	22	-4	
2	11	52	109	248	120	40	24	-18	
5	10	53	110	250	123	41	27	-9	
4	10	52	110	248	123	40	23	4	
4	10	52	112	248	124	43	23	5	
4	8	53	111	251	124	42	24	-2	
4	9	53	111	250	123	42	25	-26	
3	11	53	112	248	123	42	26	-7	
3	11	53	112	247	122	43	23	9	
8	13	54	112	249	122	47	23	-2	
8	13	52	111	250	123	47	26	0	
7	12	50	109	250	123	46	26	-26	
7	14	51	109	249	122	43	25	-25	
4	14	53	113	249	119	41	23	-4	
3	12	53	113	250	120	41	20	-9	
4	12	49	116	250	121	43	21	10	
4	12	49	118	250	121	43	21	32	
5	12	52	117	248	122	42	20	16	
5	12	52	116	248	123	42	24	1	
4	12	52	115	246	125	42	24	-7	
4	12	52	115	246	124	44	24	-10	
5	12	51	116	247	123	45	26	3	
5	11	51	116	248	123	43	24	-5	
4	12	52	114	248	123	39	28	-6	
4	12	52	114	248	122	39	31	-1	
4	11	53	114	248	122	43	28	-27	
5	11	53	114	249	125	43	28	-8	
6	10	53	113	249	125	42	27	4	
5	9	52	113	249	122	41	26	-9	
4	10	52	114	249	124	41	26	-12	
4	11	52	114	249	124	42	22	3	
4	11	52	114	249	122	42	21	15	
6	11	52	113	249	124	41	24	-3	
6	11	53	113	251	124	40	23	-9	
6	9	54	114	250	124	41	26	20	
6	8	52	113	250	123	44	27	15	
5	8	52	112	251	122	42	24	-5	
6	11	53	113	252	124	42	26	4	
6	13	53	113	252	124	43	26	-1	
6	13	54	114	251	125	43	27	-6	
6	12	56	116	251	125	44	30	1	
6	12	57	115	251	124	44	28	-4	
8	12	53	114	252	127	44	27	-3	
7	12	52	115	253	127	45	28	-3	
4	12	54	115	252	125	44	27	-13	
6	11	53	113	251	124	43	21	-8	
8	9	53	112	253	125	44	23	-7	
8	10	54	114	254	127	43	27	-5	
6	10	54	118	254	125	41	26	8	
6	10	55	118	254	125	40	25	-26	
8	10	53	117	253	127	40	23	-33	
9	9	53	116	252	127	41	23	5	
8	11	56	118	253	125	41	24	-1	
7	11	55	118	253	124	40	24	-17	
6	9	56	117	252	122	40	27	-4	
8	9	56	117	254	123	38	28	-1	
8	9	54	117	252	123	36	25	-7	
6	10	54	116	252	122	37	24	20	
6	10	54	117	254	122	38	23	26	
5	8	54	116	255	122	41	23	6	
7	6	54	115	254	122	41	24	-4	
7	7	54	116	254	123	41	23	-4	
4	10	55	115	254	124	46	26	-4	
4	9	55	114	252	123	46	27	-17	
5	9	53	112	252	122	42	23	-7	
5	10	53	113	254	123	42	24	15	
6	10	53	117	254	125	42	24	6	
6	10	52	117	253	125	43	24	-10	
6	10	54	116	253	125	44	25	-1	
6	10	53	116	254	124	42	25	6	
1	7	51	114	254	124	43	24	-2	
1	7	50	114	254	124	43	23	-3	
4	9	50	115	255	124	41	20	-6	
5	7	53	117	254	125	38	19	-19	
6	7	54	116	252	125	39	23	-9	
3	9	53	115	252	124	41	23	2	
2	9	53	115	251	125	41	21	-18	
3	7	53	116	250	126	40	20	-27	
5	7	53	115	250	126	41	21	-4	
4	7	53	114	252	126	42	22	8	
2	7	52	114	252	128	42	21	11	
3	7	52	117	252	129	43	21	-8	
3	8	52	117	253	126	43	21	-36	
4	7	53	117	253	124	39	23	-12	
4	5	54	117	252	126	40	24	8	
5	5	55	118	253	127	42	24	18	
5	6	55	119	253	126	41	23	9	
4	8	58	118	251	126	42	22	1	
4	7	57	117	251	127	43	25	11	
4	7	55	117	253	128	43	25	0	
4	7	57	118	253	128	43	19	-21	
6	7	55	117	252	126	43	18	-4	
