5	9	55	118	251	122	42	19	17	
6	9	58	121	251	124	42	19	12	
8	8	58	119	253	127	42	21	3	
5	9	56	119	253	128	43	20	3	
2	9	56	119	253	126	42	20	7	
5	8	58	118	253	125	40	21	0	
5	7	59	119	253	128	40	23	-17	
2	8	57	120	251	129	39	23	13	
3	9	55	118	251	129	39	18	18	
4	9	54	117	255	128	40	19	21	
3	9	53	118	255	126	41	21	19	
2	9	53	118	253	127	42	21	9	
2	7	54	117	253	129	42	22	18	
2	7	54	117	252	128	40	18	25	
4	9	54	118	251	128	37	17	4	
5	7	56	118	252	130	37	21	-4	
0	6	56	119	254	129	37	21	2	
0	6	57	121	254	128	37	19	-4	
0	6	58	120	254	128	38	22	9	
0	6	57	120	252	127	39	21	-6	
0	6	55	120	252	126	39	17	-10	
0	7	56	121	253	126	37	20	13	
1	8	60	120	253	130	39	24	-12	
1	7	58	117	254	131	39	19	-11	
1	6	57	117	255	129	39	18	2	
0	5	58	119	255	128	38	19	6	
0	5	58	119	255	129	37	19	18	
2	5	58	116	255	130	38	22	1	
3	5	56	115	256	131	39	25	-4	
1	4	56	115	254	131	39	22	2	
1	4	55	115	253	130	39	20	1	
1	4	55	114	253	130	39	20	-5	
1	4	57	115	253	129	37	19	-17	
2	3	59	115	253	127	36	16	4	
0	3	59	115	252	128	35	16	9	
1	5	61	117	252	129	35	22	13	
2	6	63	114	253	128	36	25	13	
1	6	61	114	252	128	36	21	-9	
1	4	59	116	252	128	36	17	0	
0	4	59	116	254	126	37	16	0	
0	4	58	116	255	125	37	16	-11	
1	3	59	116	255	125	37	15	15	
0	3	61	118	251	125	36	18	16	
0	3	60	118	251	126	36	22	-14	
1	2	58	114	254	127	37	21	-7	
1	2	58	114	254	128	39	21	4	
2	2	57	116	254	129	39	21	-4	
1	3	58	116	254	126	37	21	-2	
-1	-2	-52	-98	-215	-108	-28	-16	32	
0	-1	-51	-97	-216	-108	-28	-15	29	
-1	0	32	65	149	70	20	13	17	
-1	0	34	66	150	70	20	13	-1	
-3	1	34	64	150	70	22	14	-1	
-3	1	33	63	150	70	19	12	1	
-2	0	35	65	149	68	16	8	-8	
-1	1	35	65	149	69	17	10	-4	
1	1	35	67	150	72	16	12	2	
1	1	36	66	152	74	17	13	0	
0	1	35	66	152	72	19	14	8	
-1	1	34	66	151	71	17	14	-2	
-1	0	33	67	152	73	14	13	-14	
-2	0	33	67	152	73	17	14	-1	
-3	2	36	65	148	73	20	14	-3	
-3	1	36	64	148	73	17	13	-12	
-1	0	35	64	149	73	17	11	-10	
0	0	34	65	149	73	17	11	-4	
-3	0	34	64	149	70	17	9	-10	
-4	0	33	63	148	70	17	9	4	
-3	0	33	65	146	73	17	7	-9	
-4	0	32	65	145	71	17	2	-34	
-4	1	32	62	147	71	16	3	-9	
-3	0	34	62	149	71	16	9	-1	
-3	-2	34	63	150	72	16	9	-26	
-3	-2	34	62	149	70	17	7	-7	
-3	-2	32	62	148	71	17	9	4	
-3	-1	32	63	148	73	17	10	-7	
-5	-1	32	63	148	71	16	10	1	
-3	0	31	63	148	70	16	10	16	
-4	2	33	63	147	68	17	9	-7	
-4	2	35	62	147	69	19	9	-20	
-1	1	32	64	147	71	19	8	1	
0	0	32	64	148	70	18	8	-17	
0	0	35	64	148	69	16	9	-37	
0	1	36	68	146	68	18	7	-17	
0	1	36	68	146	69	17	5	0	
0	0	34	66	147	69	13	9	13	
0	-1	32	66	146	67	14	9	9	
-1	0	32	67	147	69	15	8	-3	
0	0	34	68	146	70	14	9	3	
-1	0	33	68	145	69	16	8	-1	
0	0	33	68	147	69	16	7	-7	
1	0	37	69	147	69	16	11	-14	
0	0	36	65	146	68	15	14	-27	
-1	0	34	64	145	69	12	14	-11	
-1	0	33	64	145	71	15	15	7	
-2	1	33	64	146	70	16	12	8	
-1	1	33	65	145	69	16	9	6	
0	2	33	66	145	69	16	10	1	
-1	2	33	66	145	70	14	12	0	
-2	1	33	65	145	70	15	14	5	
-2	1	32	64	145	70	15	12	5	
-1	2	36	64	145	66	15	10	-16	
-1	2	37	65	145	65	15	12	-16	
-2	0	33	66	144	66	15	9	-2	
-2	0	32	62	145	66	17	8	-3	
-1	0	33	62	147	67	17	14	4	
-1	0	34	65	145	67	16	15	0	
0	2	36	64	144	67	17	15	-5	
0	2	37	64	147	66	16	17	-2	
0	2	37	66	147	65	15	15	-10	
0	2	36	66	147	65	15	12	3	
-4	2	36	68	146	63	16	14	10	
-3	2	36	67	145	64	15	14	-4	
-1	4	38	67	146	67	14	14	4	
-2	3	38	66	146	66	16	13	-8	
-1	2	36	66	147	66	14	12	-24	
-1	3	37	68	148	67	13	14	-1	
-1	2	37	69	145	66	12	14	0	
-1	2	37	70	145	63	12	14	-11	
-5	3	37	68	147	60	14	14	-1	
-5	3	35	67	147	63	13	12	7	
-2	3	35	67	147	68	12	11	3	
-1	3	35	64	146	68	14	11	5	
-1	3	35	64	146	67	14	11	-15	
-1	2	32	66	148	68	14	8	-17	
-1	2	33	67	150	68	14	10	2	
-2	1	36	67	148	68	14	12	1	
-3	1	34	66	147	69	14	12	-9	
-3	3	37	69	148	69	17	14	13	
-2	3	38	69	148	69	18	12	20	
0	2	34	66	144	64	14	10	-3	
-2	4	33	65	139	53	7	8	-2	
-2	1	33	60	127	22	1	6	-4	
0	0	32	56	113	-19	-11	2	-13	
0	1	30	52	103	-45	-18	0	-9	
-1	0	30	48	92	-103	-38	-7	-5	
-2	4	29	56	130	50	23	22	-2	
-2	5	31	63	139	76	38	33	6	
-2	6	29	64	143	87	37	33	-5	
-2	6	28	63	142	86	36	33	9	
-2	6	28	60	142	87	36	34	11	
-2	5	29	56	144	87	37	31	0	
-3	5	30	56	144	87	36	34	-4	
-1	6	29	61	143	88	37	35	-3	
0	6	29	62	143	88	38	30	6	
-1	6	32	62	143	88	36	29	11	
-1	6	31	60	141	89	37	33	-6	
-1	6	29	60	141	89	36	34	0	
-2	6	29	62	141	89	35	31	1	
-2	6	29	62	142	89	35	28	-2	
-3	6	31	61	142	87	35	28	-2	
-4	6	31	60	142	88	38	31	12	
-2	6	31	59	143	90	38	31	16	
-2	6	31	59	143	88	37	31	1	
-3	7	31	60	143	88	38	32	0	
-3	7	31	61	143	88	39	31	8	
-2	4	31	63	143	87	39	33	8	
-3	4	31	61	143	87	39	36	0	
-8	5	31	58	142	89	39	35	2	
-7	4	31	58	140	89	38	33	3	
-6	4	31	56	135	72	34	33	0	
-8	2	30	52	132	61	30	29	-2	
-5	2	30	50	127	45	23	26	-15	
-6	2	30	51	105	-12	10	21	-8	
-7	1	23	42	85	-63	-3	3	-11	
7	8	-2	0	15	350	94	29	22	
7	8	-1	2	18	355	94	28	18	
8	9	-1	4	17	355	93	28	18	
7	9	0	1	16	356	93	29	12	
6	9	0	0	16	356	93	29	11	
6	9	-2	0	15	353	95	31	19	
7	9	-4	-5	15	353	93	29	16	
6	9	-3	-5	14	346	91	28	12	
6	9	-3	-4	9	342	89	29	10	
6	9	-4	-6	6	335	84	26	13	
4	9	-5	-7	0	315	84	26	19	
5	9	-10	-9	-8	295	79	24	11	
5	8	-11	-11	-12	280	73	20	11	
3	8	-10	-14	-18	253	69	19	12	
2	7	-10	-14	-24	224	60	13	12	
3	7	-14	-18	-36	209	53	9	12	
4	7	-16	-22	0	0	0	0	0	
0	0	0	0	0	0	0	34	33	
-2	-2	24	59	149	86	36	31	23	
-1	-1	24	60	150	88	36	31	-6	
-4	-2	26	61	149	87	38	31	-3	
-4	-3	25	60	150	86	40	30	-28	
-2	-2	27	60	147	86	37	30	-16	
-3	-2	27	61	147	86	36	34	7	
-3	-3	27	61	150	87	39	34	0	
0	-3	27	64	150	88	39	34	-20	
-2	-4	27	61	151	89	37	31	-20	
-2	-3	28	59	151	87	37	34	0	
0	-1	27	60	151	87	42	34	-5	
-1	-3	27	60	151	89	44	33	-3	
-2	-3	27	63	150	89	41	30	-7	
-2	-4	27	63	150	88	40	26	-8	
-3	-6	26	63	148	88	40	30	-3	
-2	-5	25	63	146	88	40	34	-4	
-2	-3	26	63	146	86	40	32	2	
-1	-3	26	62	145	84	39	28	-3	
-1	-5	24	54	132	64	34	27	-16	
-4	-6	22	50	123	48	30	26	-11	
-5	-7	18	45	103	12	18	20	-4	
-5	-7	18	40	90	-10	10	17	-4	
2	-2	16	40	108	36	28	18	-1	
3	-1	19	49	129	75	51	29	6	
2	2	23	58	152	117	58	32	25	
3	4	23	59	152	117	58	32	16	
2	2	23	57	152	114	58	33	2	
2	2	22	56	153	116	59	34	9	
2	2	22	60	152	117	60	34	0	
5	2	20	60	151	116	60	32	5	
6	3	20	60	151	117	61	32	32	
3	1	22	59	152	117	60	33	33	
2	1	23	59	152	118	59	34	14	
2	2	23	61	152	116	60	34	15	
2	0	21	61	152	115	60	32	13	
2	-2	22	59	151	116	60	33	6	
3	-2	22	58	151	115	60	32	3	
4	1	23	58	151	116	62	32	11	
4	1	23	59	152	117	63	35	19	
2	0	22	61	153	117	63	35	15	
0	0	23	61	153	117	62	33	12	
-2	0	24	57	153	113	60	33	8	
0	1	23	57	152	116	61	34	2	
2	0	23	59	152	120	61	34	0	
3	1	24	59	153	119	60	35	12	
3	4	23	59	154	115	61	32	8	
3	2	20	57	148	106	58	30	7	
3	1	20	54	141	81	47	27	5	
0	0	19	47	128	67	40	23	5	
-2	-1	18	43	109	24	22	14	5	
-1	-1	18	40	100	-1	12	12	0	
-1	-1	17	33	79	-52	-5	3	-3	
2	2	11	41	107	26	30	17	1	
3	4	14	49	122	93	61	30	6	
4	5	17	55	147	118	72	37	25	
6	5	17	57	154	135	80	44	27	
4	5	17	57	154	132	78	45	4	
0	4	16	56	154	129	78	47	13	
0	3	17	56	155	131	78	49	21	
0	4	17	58	155	131	77	50	19	
4	3	16	59	155	132	77	49	15	
4	2	16	61	154	134	79	48	5	
3	1	16	61	153	136	80	48	15	
2	1	17	58	153	134	79	48	28	
2	1	16	58	154	132	78	47	13	
1	1	15	57	154	133	79	47	6	
0	2	14	55	155	134	79	47	20	
3	1	14	56	153	132	78	44	-11	
3	1	13	54	153	135	79	44	-8	
5	1	15	56	153	137	79	44	-4	
4	1	15	57	152	134	78	45	7	
2	1	12	57	152	133	80	46	7	
2	1	11	58	152	132	80	44	5	
2	1	11	57	152	132	80	45	5	
2	1	12	56	152	133	80	46	5	
3	1	12	58	152	134	79	45	16	
3	3	12	60	153	135	82	48	27	
3	4	11	60	152	135	79	42	5	
3	4	14	60	154	137	80	43	0	
4	2	14	59	155	135	82	47	15	
4	1	13	55	145	113	71	41	6	
3	0	12	52	137	100	62	38	4	
2	0	11	52	125	71	43	31	5	
2	0	10	50	118	31	25	22	4	
2	-3	9	43	102	10	14	14	3	
1	-4	7	40	94	-30	-10	0	-5	
0	0	0	0	0	0	83	34	17	
4	7	0	-7	-31	191	80	32	19	
2	7	0	-8	-34	175	72	29	9	
3	7	0	-13	-43	166	65	27	7	
2	5	-3	-17	-54	136	55	18	-1	
0	4	-6	-18	-61	115	48	13	-4	
0	0	-19	-56	-152	-131	-79	-41	18	
2	-4	-18	-58	-152	-129	-77	-42	-2	
2	-3	-18	-58	-152	-129	-77	-44	-15	
1	-2	-19	-57	-152	-130	-78	-48	-18	
1	-3	-17	-54	-152	-130	-80	-47	-12	
2	-3	-19	-55	-152	-129	-81	-49	-18	
2	-1	-17	-55	-152	-130	-81	-48	-24	
2	0	-17	-55	-153	-131	-82	-47	-15	
0	-1	-19	-57	-152	-132	-78	-54	12	
0	-1	-19	-57	-151	-132	-76	-51	10	
2	5	-6	-25	-74	88	62	17	15	
3	5	-4	-24	-59	107	71	20	4	
1	5	-4	-22	-55	132	88	31	14	
4	6	-3	-13	-47	142	95	35	29	
5	6	-4	-12	-44	151	105	40	23	
3	6	-2	-15	-41	161	111	45	23	
3	6	-2	-14	-40	165	115	48	31	
7	6	-3	-8	-35	181	120	47	28	
7	6	-2	-8	-31	187	120	50	21	
5	5	0	-9	-30	189	123	51	22	
6	4	3	-9	-32	192	125	54	23	
6	5	3	-12	-31	194	128	54	25	
5	6	0	-12	-31	193	129	50	21	
6	4	0	-8	-31	196	125	49	22	
5	4	0	-8	-31	198	123	51	22	
2	6	0	-7	-32	193	125	49	20	
1	5	-2	-7	-32	189	124	49	34	
4	6	-1	-12	-32	190	124	50	33	
4	5	-1	-15	-33	184	119	48	25	
5	5	-2	-13	-33	182	114	47	32	
5	6	-2	-13	-37	175	111	44	23	
0	7	-5	-10	-38	165	109	41	17	
1	7	-6	-9	-40	157	104	39	23	
2	6	-3	-17	-46	140	92	36	19	
0	6	-3	-21	-50	129	88	33	8	
4	1	17	51	137	124	72	41	21	
3	0	16	51	137	126	75	44	12	
0	1	16	49	139	125	75	44	5	
0	1	16	48	142	124	74	44	25	
2	1	15	47	143	126	74	41	10	
3	1	14	47	142	126	74	42	10	
0	0	13	48	141	127	74	44	26	
0	0	14	48	142	129	75	42	7	
1	3	17	48	142	126	75	46	6	
1	3	17	48	142	123	74	46	11	
2	2	16	47	142	126	73	44	0	
2	2	17	47	142	126	75	45	0	
2	2	13	44	142	126	75	43	3	
3	2	13	44	142	124	74	39	0	
3	0	13	49	143	123	72	39	-2	
3	0	11	48	142	123	73	43	-5	
3	0	11	49	143	123	76	45	16	
2	0	12	49	143	117	73	43	14	
2	1	12	48	131	88	56	31	2	
1	0	11	41	124	73	47	25	1	
1	0	9	35	108	41	24	16	-1	
2	-2	8	30	98	19	8	10	-3	
1	-5	3	23	81	-30	-22	-5	-19	
-1	-5	0	23	74	-56	-34	-14	-18	
0	-1	7	28	108	29	16	14	-5	
7	-2	9	32	118	59	30	24	-3	
7	1	11	39	137	113	63	39	7	
6	3	12	42	143	125	72	43	-1	
5	3	13	42	143	123	73	43	-5	
6	1	13	41	142	122	71	43	8	
6	1	12	40	143	125	71	44	11	
6	1	12	40	144	125	71	45	4	
7	1	12	40	143	126	72	42	-10	
7	2	11	40	142	125	75	41	9	
6	2	12	42	142	124	74	40	14	
6	-1	14	43	142	123	71	43	1	
7	-1	14	43	144	123	71	49	19	
8	1	13	42	145	123	74	48	-1	
9	1	12	43	147	124	77	45	-14	
9	1	13	43	144	125	77	47	-1	
7	1	15	42	141	124	77	47	3	
7	2	14	43	142	122	77	43	0	
7	2	14	44	142	123	75	43	-9	
7	1	13	44	142	122	74	42	-5	
7	1	13	44	142	122	77	40	1	
8	2	13	44	142	124	78	41	5	
8	2	13	44	142	124	78	41	3	
5	0	13	43	142	124	79	42	-5	
5	0	13	43	142	125	76	41	-6	
3	0	14	42	143	124	76	41	9	
3	0	14	41	143	124	76	40	19	
6	0	12	44	143	125	73	39	25	
8	0	14	45	144	125	74	43	11	
11	0	15	44	143	126	76	44	3	
10	0	14	43	143	128	74	42	2	
10	1	14	43	143	128	74	44	19	
10	0	14	43	142	130	75	45	26	
10	0	11	44	142	129	73	39	8	
10	0	11	45	143	127	74	40	10	
11	0	14	45	143	127	75	41	7	
10	0	14	44	141	120	74	36	3	
8	-1	11	40	137	110	70	36	0	
11	-1	11	39	127	85	56	33	-1	
13	-1	11	39	122	67	41	24	0	
9	-6	8	28	104	8	29	17	1	
4	-8	6	22	83	-58	2	7	-9	
0	0	0	0	0	0	0	27	3	
11	-1	13	38	130	98	60	36	12	
12	0	17	43	140	140	78	47	18	
8	0	17	45	143	141	80	51	18	
8	-2	15	45	142	140	80	53	25	
6	-1	15	45	142	138	80	49	13	
5	-1	15	45	142	141	79	49	9	
7	-1	15	48	142	144	79	51	18	
7	-1	15	48	143	142	79	49	6	
7	0	12	46	143	139	80	46	3	
8	0	12	47	143	140	80	47	27	
7	0	14	47	144	140	82	49	16	
6	0	13	46	145	140	83	51	-1	
7	0	12	47	145	142	83	48	2	
7	0	13	48	143	141	80	47	10	
9	-1	14	44	141	141	79	48	2	
9	-1	13	43	142	141	79	48	-19	
7	0	14	44	145	141	79	49	17	
7	0	13	44	144	141	78	50	17	
6	0	14	44	144	141	81	50	0	
4	-1	13	45	141	141	81	49	0	
5	0	14	44	143	142	80	47	1	
8	1	16	45	143	142	82	49	11	
7	1	16	44	143	142	82	53	18	
9	3	17	44	144	141	82	54	19	
7	1	17	45	144	138	81	50	15	
7	-1	17	45	143	138	81	48	18	
11	-1	17	45	144	143	83	50	14	
11	-1	13	44	144	143	83	52	9	
9	0	12	47	144	141	82	53	13	
9	0	15	48	144	141	82	52	18	
10	0	15	48	144	141	82	49	17	
12	0	14	47	143	140	82	47	30	
13	0	14	46	143	141	82	46	23	
12	0	16	46	141	143	82	49	28	
12	1	15	47	138	133	79	52	15	
12	1	13	46	133	113	72	48	13	
11	-1	11	38	116	55	53	34	17	
8	-2	12	31	108	23	43	32	25	
7	-3	9	23	86	-40	16	22	5	
10	-3	3	23	74	-68	5	15	0	
5	-4	5	34	100	67	49	33	0	
3	-1	8	38	117	92	59	36	9	
4	-1	10	46	135	139	76	47	17	
9	1	12	50	139	156	82	51	24	
9	1	12	50	142	163	86	53	4	
6	0	11	50	141	162	87	55	2	
6	1	12	51	141	165	88	56	28	
6	0	12	50	141	166	87	54	6	
6	-1	10	46	141	164	85	56	-24	
7	0	10	46	141	164	85	57	-6	
7	0	12	49	141	165	88	53	15	
4	0	14	51	141	163	87	53	18	
5	0	12	51	140	162	87	55	18	
7	2	12	51	140	162	88	52	12	
6	2	12	51	139	162	87	52	14	
6	2	9	51	140	162	86	54	12	
6	2	10	52	140	161	86	54	-6	
7	0	11	54	140	161	85	55	9	
8	0	10	55	139	161	85	54	24	
7	0	11	53	138	162	84	51	16	
7	0	12	51	140	162	85	52	20	
8	1	12	52	140	159	86	52	14	
6	1	11	51	140	159	85	53	9	
5	1	11	49	140	161	84	53	13	
7	0	11	49	140	161	81	49	9	
8	0	14	49	139	158	81	53	12	
8	0	15	49	139	158	84	54	40	
7	0	8	48	139	159	84	45	21	
6	0	8	48	139	160	84	45	6	
6	0	11	50	139	160	86	49	20	
8	0	10	48	132	139	75	48	15	
7	-1	10	47	128	123	70	39	3	
7	-1	9	41	112	83	53	35	6	
7	-2	7	38	103	32	31	28	9	
7	-3	3	30	84	2	18	20	-2	
5	-4	2	26	74	0	0	0	0	
0	0	0	0	0	44	48	27	7	
9	-1	5	39	101	83	64	33	8	
9	1	10	45	114	119	78	48	7	
8	2	15	50	126	160	95	53	10	
8	2	14	50	128	164	96	55	11	
8	3	14	50	127	162	95	55	5	
7	2	14	51	126	162	97	57	20	
8	2	14	51	127	161	99	60	-5	
9	3	14	53	127	162	99	57	-9	
9	3	14	52	129	161	99	54	-2	
9	2	14	51	129	161	99	57	12	
10	2	14	52	129	162	98	55	0	
11	1	13	53	128	160	99	48	9	
10	0	13	53	127	161	101	49	4	
10	1	14	51	129	162	103	55	10	
11	2	14	50	130	163	102	56	3	
12	1	14	52	127	165	99	55	2	
12	1	14	54	126	165	100	52	18	
11	2	14	55	127	163	103	52	18	
10	2	13	55	127	163	105	54	18	
10	2	15	55	127	162	104	53	11	
9	2	16	54	127	161	103	53	-12	
9	0	14	53	126	163	103	54	-11	
11	0	14	54	126	165	103	54	4	
12	1	16	55	126	165	104	57	15	
12	1	16	55	127	164	103	58	18	
10	0	18	55	126	164	104	53	23	
10	0	18	54	125	165	105	53	27	
12	0	17	53	128	165	102	54	14	
14	0	18	56	128	167	102	54	4	
14	1	17	56	127	168	103	54	29	
12	1	17	54	127	168	103	54	25	
11	1	16	56	128	166	103	53	7	
10	3	16	56	129	166	103	52	17	
10	3	15	55	128	169	103	51	10	
9	2	15	54	129	169	103	55	39	
8	2	16	52	131	168	105	57	38	
8	2	17	53	131	167	103	55	7	
10	2	17	57	130	167	101	56	16	
12	2	16	56	128	167	102	54	3	
11	2	18	56	128	167	102	55	-14	
11	3	18	57	128	168	103	57	-7	
10	3	14	56	128	168	104	56	2	
9	3	14	54	128	168	103	56	6	
10	3	13	54	127	161	100	55	5	
10	4	14	51	115	131	90	48	10	
11	3	14	51	107	96	79	42	16	
11	1	10	47	86	56	68	36	6	
11	0	9	37	80	35	61	35	5	
10	0	0	0	0	0	0	0	0	
-5	3	0	-9	-6	143	2	-1	-2	
-4	3	1	-8	-5	146	4	0	-1	
-1	3	1	-7	-5	147	3	-2	2	
-1	3	2	-7	-6	147	2	-2	1	
-4	2	3	-7	-6	144	4	-1	-4	
-5	2	1	-7	-7	144	4	-2	-1	
-1	2	1	-5	-7	144	2	-2	1	
-1	2	0	-6	-9	139	2	-2	-4	
-4	0	0	-9	-9	136	0	-2	0	
-4	0	0	-10	-9	127	-5	-4	0	
-5	2	0	-9	-10	117	-5	-5	1	
-4	2	0	-9	-14	111	-5	-4	3	
-4	1	0	-10	-17	99	-9	-3	-7	
-5	2	-1	-13	-22	92	-11	-7	-11	
-5	1	-4	-17	-27	78	-16	-9	-3	
0	0	0	0	122	179	99	52	34	
7	4	14	51	121	179	98	50	22	
5	3	14	51	121	180	96	52	14	
5	3	13	51	122	180	98	55	13	
5	3	13	50	121	179	99	51	17	
5	4	16	49	121	179	99	51	25	
5	4	16	49	120	178	99	53	23	
6	5	16	53	120	179	99	47	10	
5	4	15	54	122	181	100	47	-18	
5	4	15	54	123	180	101	54	-5	
4	3	13	54	122	180	100	54	19	
6	5	13	55	122	179	101	53	24	
7	4	15	57	120	180	98	53	-6	
7	4	15	58	120	180	102	52	17	
7	5	16	55	121	179	101	51	17	
7	5	16	55	122	182	100	50	-13	
6	5	16	53	122	181	100	50	-15	
6	4	16	53	120	173	99	48	10	
6	4	15	51	107	139	88	46	10	
4	4	14	48	101	119	75	40	10	
2	2	13	45	85	69	68	34	15	
3	0	11	35	62	4	46	24	8	
4	4	10	31	62	44	55	27	7	
5	6	14	38	88	122	67	32	5	
5	6	16	45	115	197	93	45	12	
7	6	19	50	123	217	100	50	20	
7	7	20	51	126	220	101	51	18	
5	6	18	52	126	219	102	51	10	
4	7	16	52	125	218	103	53	36	
7	6	17	49	123	217	101	51	50	
7	5	18	50	123	216	99	49	23	
7	6	18	50	125	220	102	51	16	
8	7	18	47	126	220	102	49	18	
5	7	16	47	125	219	102	50	7	
4	9	16	51	126	219	105	52	18	
4	8	19	53	125	218	104	51	33	
2	6	19	53	124	217	103	52	31	
3	6	17	51	126	217	103	52	27	
3	6	17	50	124	218	101	50	0	
3	5	18	50	125	219	101	51	2	
5	5	16	53	125	219	104	53	15	
7	4	15	52	125	220	104	50	27	
4	5	19	52	125	218	102	54	47	
5	6	20	54	125	221	103	55	30	
7	6	20	52	125	220	102	54	49	
4	6	19	51	123	220	103	50	22	
7	5	20	50	123	219	100	51	22	
6	7	19	52	124	218	101	50	11	
8	5	20	51	117	210	99	50	11	
7	3	19	50	112	187	91	48	19	
2	2	16	42	96	150	81	42	6	
3	1	0	0	0	0	0	0	0	
0	0	0	0	55	33	36	20	9	
3	6	8	28	66	65	46	24	18	
3	6	12	36	88	127	66	31	15	
5	5	14	36	97	155	75	36	18	
3	6	13	41	116	204	91	46	24	
2	8	14	42	121	216	98	50	30	
2	6	13	41	122	221	98	49	27	
2	5	13	41	122	221	99	51	25	
5	6	18	42	124	219	99	51	27	
7	6	18	43	124	220	99	55	19	
5	8	18	44	120	219	100	53	29	
4	8	15	45	120	219	100	49	37	
5	8	15	46	119	218	98	49	24	
6	8	17	47	119	219	98	51	13	
6	9	17	47	120	219	97	49	-5	
6	6	17	45	120	219	95	49	18	
6	8	17	45	119	219	96	52	18	
5	8	15	45	120	217	98	52	12	
6	9	16	46	121	218	98	53	9	
3	10	16	45	120	218	97	52	7	
2	8	14	45	121	218	97	49	0	
4	8	14	48	121	220	99	51	14	
5	9	15	47	121	219	97	51	39	
6	8	18	44	121	219	96	53	32	
6	8	18	44	122	220	97	54	16	
4	11	16	44	122	223	99	53	19	
4	11	16	44	122	223	100	55	13	
4	10	18	42	124	223	97	56	14	
3	10	17	42	125	222	98	52	37	
3	10	16	44	123	223	99	51	30	
3	9	15	43	123	223	99	52	23	
4	9	16	42	124	222	100	54	40	
5	10	16	40	123	222	100	52	22	
5	10	16	41	122	220	100	49	-6	
2	9	16	41	122	219	98	49	11	
2	8	17	39	114	204	93	49	14	
3	8	17	39	106	180	89	48	16	
0	8	15	37	101	160	82	46	16	
0	8	0	0	0	0	0	0	0	
0	0	0	0	0	47	39	21	5	
-2	3	6	19	63	86	50	26	15	
-1	5	9	27	77	124	73	36	16	
0	9	15	40	103	193	83	40	12	
0	9	15	43	111	216	88	47	25	
2	10	17	45	118	230	95	48	28	
2	10	17	44	120	230	98	47	4	
3	11	17	44	120	232	99	50	4	
3	12	19	45	120	233	99	51	26	
4	11	20	46	119	231	97	51	49	
5	11	20	46	118	229	98	52	62	
4	13	21	49	120	230	99	52	40	
2	12	21	49	119	230	99	54	26	
0	8	20	46	118	230	99	53	18	
0	9	20	46	119	231	99	48	6	
1	14	21	46	119	231	100	49	35	
2	13	20	46	119	232	100	52	28	
1	10	20	45	120	232	100	51	16	
0	9	18	43	120	232	100	52	35	
0	9	17	43	120	230	98	49	23	
0	9	20	42	120	230	98	50	-1	
0	9	22	44	117	229	98	51	13	
-3	10	20	44	117	230	98	50	24	
-2	10	19	42	118	232	99	53	32	
-1	9	18	43	118	230	99	49	26	
-1	7	16	43	111	214	95	45	17	
2	8	18	41	103	187	85	43	12	
0	8	18	36	96	165	79	43	7	
0	0	0	15	46	35	29	20	9	
0	3	11	21	57	70	39	25	10	
0	4	18	32	80	137	60	35	12	
0	6	19	36	99	196	81	45	3	
3	8	21	39	108	221	89	48	7	
4	9	22	43	117	249	101	54	15	
1	10	21	43	117	249	103	54	7	
3	10	21	45	116	245	102	50	-1	
3	8	22	48	116	246	101	50	0	
0	7	20	46	117	247	102	53	19	
0	8	20	47	119	247	105	56	14	
-1	7	19	46	119	245	105	57	15	
0	7	19	46	118	246	104	57	38	
0	6	20	46	118	249	102	53	33	
1	6	19	47	117	246	101	52	13	
2	10	20	47	117	242	103	55	12	
1	10	21	47	118	242	105	54	-7	
2	9	21	46	117	243	105	56	-11	
4	10	20	46	116	243	106	59	4	
3	8	20	46	117	244	104	58	15	
1	7	20	46	117	244	104	58	19	
2	6	21	45	117	245	104	58	5	
2	7	21	44	117	243	102	56	-3	
2	8	19	44	112	228	101	55	5	
2	6	21	43	107	209	95	51	6	
2	5	21	41	96	198	90	49	6	
1	5	18	39	90	157	76	43	8	
4	4	15	34	77	136	70	40	9	
2	0	8	13	30	21	27	20	11	
1	3	11	24	54	92	52	27	5	
2	4	14	27	68	134	78	39	7	
4	6	19	34	95	237	99	50	14	
3	7	21	41	116	263	109	63	23	
3	7	20	43	126	286	118	65	9	
3	8	20	46	124	284	119	65	0	
3	8	19	45	124	284	117	62	2	
4	8	16	44	124	284	117	62	26	
4	7	16	44	123	285	119	61	21	
2	7	17	44	123	283	120	60	15	
3	6	20	45	124	283	121	60	27	
5	5	21	44	126	286	123	63	28	
6	7	22	45	126	281	122	61	20	
5	9	19	48	126	284	122	59	20	
5	8	18	45	125	282	121	57	30	
2	8	20	44	125	281	123	61	14	
4	7	18	45	126	280	121	58	11	
4	10	18	45	126	280	122	59	25	
5	8	18	44	123	277	117	59	17	
4	8	19	37	106	244	111	58	18	
0	0	3	6	19	34	34	13	1	
0	2	8	9	32	63	43	19	1	
1	5	10	13	38	81	48	22	3	
1	4	9	21	56	119	60	24	10	
1	3	9	24	67	141	68	29	5	
3	6	13	34	87	189	86	39	17	
5	7	16	40	106	232	98	43	16	
2	7	19	42	121	268	109	51	14	
0	10	20	47	123	279	114	54	34	
2	9	20	49	122	279	114	51	51	
3	10	20	48	122	278	116	50	24	
4	11	21	45	123	278	116	55	14	
4	9	21	47	124	278	116	56	30	
3	10	20	49	122	276	115	46	9	
4	10	19	48	122	274	115	49	18	
4	9	22	48	122	275	116	55	9	
4	7	20	46	122	277	117	51	11	
3	8	20	45	124	277	116	54	8	
3	8	21	44	124	276	116	56	9	
3	8	19	42	119	256	111	50	12	
3	8	18	40	113	234	105	47	20	
3	7	16	38	93	180	86	39	11	
1	5	15	35	80	149	73	33	0	
-2	1	-4	3	13	112	14	6	0	
-2	1	-2	4	13	121	20	6	2	
0	1	2	6	14	126	22	9	1	
0	0	0	8	17	136	23	9	4	
0	0	0	8	19	143	22	9	-1	
0	0	0	7	20	143	21	9	-4	
-1	0	-1	8	21	146	25	10	-5	
-1	1	1	10	21	148	26	13	-1	
-1	1	1	8	20	148	27	11	4	
-1	0	-1	8	20	147	27	9	1	
-1	0	-1	9	20	141	23	9	-2	
-1	3	-1	9	20	134	25	8	9	
-1	3	-3	6	16	128	27	6	13	
-1	1	-3	3	15	120	22	6	1	
0	0	-1	3	12	117	18	9	2	
0	1	0	3	8	105	15	8	3	
0	2	-3	5	8	90	14	6	12	
-1	0	-7	2	4	82	10	2	7	
4	3	0	4	-12	24	-8	-3	-2	
4	4	2	5	-2	52	-3	0	-4	
4	4	3	6	1	73	3	3	-3	
1	4	1	8	6	79	4	4	0	
3	4	2	9	9	86	7	4	7	
6	6	2	8	9	90	9	2	0	
4	7	3	10	11	94	11	6	-4	
5	7	5	12	11	91	9	5	0	
6	9	4	10	11	91	10	4	-4	
6	8	3	7	7	87	10	5	4	
7	6	3	7	6	83	7	6	11	
7	6	1	7	3	73	6	6	1	
5	8	1	6	3	68	7	5	2	
4	8	2	5	3	64	5	6	6	
4	7	3	5	0	59	3	6	2	
4	6	3	1	-3	54	0	4	-3	
3	4	0	0	0	0	0	0	0	
-1	-2	5	10	37	51	29	11	11	
-2	-2	5	12	43	68	34	12	-2	
-2	-1	6	15	52	92	43	15	-3	
0	0	8	24	57	108	45	16	9	
1	0	8	28	73	156	62	23	10	
-1	0	9	30	83	183	73	28	13	
-1	3	13	38	102	238	91	37	14	
0	5	14	40	109	258	98	44	17	
2	5	16	42	112	268	102	44	24	
3	5	16	42	112	267	102	45	41	
0	5	14	42	113	265	102	44	11	
0	5	14	42	113	266	102	42	1	
1	4	15	42	114	266	102	42	22	
0	4	14	42	115	265	103	45	18	
0	3	13	41	113	265	101	43	26	
0	3	13	39	112	263	101	46	44	
1	4	14	39	112	263	103	46	27	
2	3	11	40	112	264	100	43	11	
2	2	11	41	113	266	100	43	35	
2	3	13	42	114	266	104	42	33	
2	4	12	40	114	262	100	41	12	
1	3	11	40	115	264	100	43	22	
1	2	10	39	115	264	102	42	20	
1	2	12	41	113	262	100	36	24	
1	1	12	41	113	263	100	36	33	
1	0	11	40	114	263	101	42	19	
0	1	12	41	114	260	102	42	20	
1	2	12	38	114	261	103	42	21	
2	2	12	35	114	261	103	40	21	
2	2	12	36	114	262	103	36	39	
0	2	13	36	116	263	103	40	34	
0	1	11	35	106	236	96	40	15	
0	0	10	32	94	215	89	37	12	
0	1	7	27	77	167	71	27	6	
0	0	0	0	0	0	0	16	0	
0	7	6	16	28	142	21	14	0	
0	7	6	16	29	143	23	14	2	
1	7	9	16	29	143	26	18	5	
1	7	8	16	29	140	25	17	1	
0	7	7	16	29	139	21	16	1	
1	6	7	13	29	138	21	18	10	
1	6	7	12	26	131	23	18	0	
0	6	5	12	24	125	23	16	1	
-3	5	3	12	17	106	17	14	3	
-3	4	3	11	13	90	14	13	-3	
-1	4	4	8	10	81	11	13	-11	
0	0	0	0	0	265	101	47	19	
5	4	13	37	110	265	102	48	-6	
5	4	13	37	111	264	102	46	-2	
6	4	15	40	109	261	102	46	24	
6	5	13	39	110	262	102	46	17	
4	4	10	34	113	264	100	45	-8	
4	2	12	34	111	262	101	47	0	
6	2	12	36	109	262	102	50	20	
6	2	10	36	109	263	102	49	14	
2	2	15	36	109	259	100	47	21	
5	3	16	36	109	259	101	46	23	
6	4	12	38	111	262	103	48	19	
5	3	12	38	112	263	103	45	11	
5	2	11	36	110	264	101	40	3	
3	2	10	36	110	261	99	40	32	
3	2	10	40	110	257	98	40	42	
3	2	10	40	109	256	100	40	27	
3	1	10	37	106	248	97	41	17	
3	0	9	33	102	243	92	41	15	
2	0	10	29	95	228	87	38	14	
0	0	10	29	92	213	83	36	16	
2	0	9	26	79	177	71	30	12	
4	0	9	25	61	134	55	20	7	
0	6	3	8	15	94	22	14	5	
-1	6	3	9	16	99	22	15	4	
0	5	1	12	20	110	25	18	6	
3	5	1	12	19	114	28	18	3	
3	4	2	10	21	124	32	19	7	
2	3	1	11	25	130	35	19	14	
2	6	0	15	27	135	36	21	7	
3	7	0	15	26	135	35	22	3	
3	7	0	14	26	132	34	20	11	
2	7	2	14	26	129	34	22	12	
2	8	2	13	21	118	31	20	4	
3	9	0	12	18	111	29	17	1	
2	8	1	9	11	92	21	16	5	
1	6	1	8	7	81	14	12	6	
6	2	23	45	111	266	105	48	18	
6	2	20	43	111	266	104	44	20	
5	3	19	41	111	264	103	42	-2	
3	3	18	42	112	265	101	44	0	
4	3	18	42	113	265	102	45	18	
5	3	19	41	112	265	103	43	-11	
3	3	18	40	110	264	103	40	-18	
3	3	18	40	111	262	103	43	-9	
1	5	18	41	112	262	104	45	7	
1	4	20	40	111	264	104	45	-16	
1	1	18	38	111	264	104	44	-11	
0	1	15	38	112	264	104	46	16	
0	2	18	39	112	264	105	48	9	
1	3	19	40	110	264	104	47	2	
1	3	17	40	109	264	102	43	5	
1	3	17	35	106	256	102	42	-4	
0	3	17	34	106	251	101	42	-5	
0	3	14	33	104	247	101	42	1	
0	2	13	32	96	230	93	38	6	
0	0	13	31	89	214	88	33	-4	
0	0	10	25	70	174	75	29	-9	
0	-1	7	20	0	0	0	0	0	
6	4	9	23	47	112	12	13	9	
7	2	8	21	48	113	10	13	8	
5	2	7	21	51	117	13	16	10	
5	3	7	21	53	120	15	17	6	
4	3	7	22	58	126	18	16	0	
4	2	6	24	58	128	18	15	1	
5	3	6	24	57	129	19	16	7	
4	4	6	24	57	127	19	17	8	
4	3	7	22	56	118	16	14	7	
5	4	8	19	51	112	16	14	1	
5	4	6	19	47	98	9	15	1	
2	3	4	15	40	88	4	11	5	
2	4	5	14	36	77	1	9	6	
-2	7	12	41	110	265	109	43	19	
-2	8	12	39	110	264	110	43	18	
-1	7	13	37	110	266	112	44	1	
-1	6	12	35	109	265	114	43	6	
-2	6	12	35	109	264	114	42	5	
0	7	13	37	109	260	108	42	9	
0	7	13	37	107	255	102	40	8	
-1	6	13	35	104	240	100	35	4	
-2	6	13	35	103	234	97	34	3	
-2	5	11	32	99	222	91	32	2	
-1	5	11	29	95	214	88	30	0	
-2	7	11	26	85	196	82	29	3	
-1	7	11	27	76	172	71	25	2	
0	7	10	24	73	158	65	19	2	
0	6	10	19	63	135	54	13	3	
0	0	1	6	1	38	26	20	16	
4	0	1	9	3	45	26	23	17	
4	0	1	10	10	65	36	27	10	
2	0	2	10	12	74	41	28	8	
2	0	1	10	16	85	44	31	13	
3	1	2	11	17	86	44	32	18	
3	0	2	12	17	85	44	32	12	
3	0	1	11	16	82	45	32	12	
3	1	1	9	10	70	43	28	22	
4	1	0	8	8	62	38	27	27	
4	0	0	9	3	48	30	25	20	
0	0	0	32	96	235	102	42	23	
4	6	13	33	96	234	102	40	14	
1	4	13	33	95	236	103	40	2	
2	4	13	33	93	237	103	42	6	
3	5	14	33	95	238	104	44	12	
2	4	13	31	94	238	105	45	7	
1	6	13	31	94	235	106	44	12	
2	9	13	32	92	226	104	43	2	
4	7	13	31	90	222	100	40	-1	
3	5	14	30	86	215	100	40	6	
2	5	14	29	83	200	98	40	9	
3	3	11	29	81	193	96	39	5	
2	2	10	28	75	184	91	36	2	
2	3	10	26	73	176	88	34	-4	
6	3	10	26	71	172	86	31	-13	
6	3	10	25	70	158	82	30	-10	
6	2	9	24	69	153	78	30	1	
6	3	10	23	62	146	78	29	0	
2	3	10	23	59	134	77	27	0	
2	3	9	18	58	134	75	25	-4	
4	3	10	15	56	130	71	25	-5	
4	2	10	18	55	127	70	27	-8	
4	1	10	18	55	124	68	27	-6	
4	0	9	17	55	120	0	0	0	
0	0	7	13	25	64	39	12	2	
0	5	8	13	28	74	45	17	5	
1	5	8	13	40	111	50	19	0	
1	5	8	16	48	153	63	22	-1	
1	6	11	24	62	169	71	26	4	
3	7	12	27	67	186	75	32	5	
6	7	13	27	68	186	75	32	7	
5	7	13	26	68	186	76	30	-2	
4	7	12	27	68	186	73	32	21	
4	5	11	27	68	187	74	32	10	
4	5	11	26	66	187	74	30	12	
4	7	11	24	66	186	74	27	-14	
4	7	12	24	66	187	73	30	-29	
4	6	11	22	66	187	72	32	-7	
4	5	10	23	65	187	70	31	3	
4	6	13	26	65	187	71	31	-23	
4	9	12	26	67	188	74	30	-7	
3	6	12	26	65	184	70	27	17	
2	5	12	25	61	176	67	23	2	
2	6	11	23	60	173	67	24	0	
4	7	13	23	58	164	64	23	8	
3	8	14	23	53	155	64	21	0	
2	7	13	20	48	143	60	20	0	
1	6	13	19	46	137	58	17	-1	
4	6	13	19	45	135	58	16	4	
4	6	14	19	45	129	56	17	8	
4	7	14	15	44	127	54	17	0	
3	6	13	14	40	119	54	17	-3	
2	5	11	18	39	113	53	17	0	
2	5	11	18	37	110	52	16	1	
2	4	11	18	37	109	49	15	2	
1	3	11	18	37	106	48	15	-1	
0	3	12	16	37	102	50	16	-1	
1	3	0	0	0	0	0	0	0	
-3	0	-5	-3	3	11	-9	5	20	
-3	0	-5	-3	3	9	-10	5	10	
-1	0	-7	-4	1	2	-10	4	12	
-3	-1	-12	-28	-65	-199	-79	-27	21	
0	0	0	0	0	0	0	0	5	
0	4	0	5	22	32	-8	1	8	
-1	4	0	5	26	40	-5	4	7	
-3	6	0	5	31	54	-1	8	11	
-3	6	0	4	33	60	1	9	12	
-2	3	2	3	34	61	0	14	12	
-1	4	3	5	36	67	2	15	19	
0	4	2	5	36	68	2	14	28	
0	3	2	5	35	68	2	13	22	
0	3	2	5	34	68	0	13	15	
-4	3	1	4	33	63	-1	13	8	
-3	2	3	5	30	52	-6	11	8	
-3	2	3	1	28	43	-8	11	24	
-2	3	0	-1	24	38	-6	11	22	
6	6	10	33	62	203	79	24	13	
6	6	10	33	65	203	79	20	7	
7	6	8	31	65	203	78	20	-6	
6	6	9	29	63	201	80	21	4	
3	5	13	30	63	201	79	23	12	
6	6	14	32	62	202	77	25	-13	
6	6	14	32	62	202	79	24	-19	
4	6	13	32	64	203	80	25	-2	
4	6	12	32	64	203	80	25	0	
4	4	12	32	62	203	82	22	-9	
4	3	12	30	63	204	82	23	-33	
4	4	12	28	64	205	82	23	-23	
1	3	12	30	62	203	82	20	-4	
2	3	10	29	62	201	80	18	-26	
4	4	9	28	62	201	80	21	-46	
3	6	11	30	62	202	81	21	-23	
3	7	13	30	62	204	79	21	-8	
2	6	12	31	63	203	80	23	-7	
2	5	11	31	62	199	80	20	-16	
1	5	10	28	60	194	79	17	-17	
0	3	11	29	59	190	78	17	-6	
0	2	12	29	59	184	75	16	-9	
0	2	11	27	59	176	72	17	-16	
1	3	12	25	53	164	67	15	-20	
2	3	10	23	49	155	63	10	-17	
2	2	6	22	46	143	58	7	-15	
1	2	6	22	42	135	53	6	-5	
1	0	6	19	37	122	50	3	-4	
1	0	5	19	31	112	45	0	-13	
0	1	5	20	30	107	42	0	-16	
4	1	-1	-4	-8	-35	-6	16	30	
4	1	-1	-4	-7	-33	-6	16	20	
2	2	-1	-3	-6	-33	-5	16	20	
2	2	0	-2	-7	-33	-3	15	17	
1	3	-1	-2	-7	-32	0	15	19	
0	3	-1	-3	-6	-28	0	19	23	
4	3	0	-3	-5	-28	0	19	14	
3	3	1	-2	-6	-29	0	18	14	
3	1	0	-2	-7	-28	-1	19	21	
3	1	0	-2	-6	-26	-1	19	23	
3	0	-1	-1	-6	-25	-2	20	21	
6	1	1	-2	-5	-22	0	23	21	
4	1	0	-3	-4	-22	3	22	15	
3	1	0	0	-3	-20	3	19	16	
5	2	1	0	-2	-18	3	21	28	
6	0	1	-4	-2	-19	4	23	28	
7	2	1	-3	-2	-18	4	19	13	
9	2	0	-1	-1	-13	4	19	13	
7	0	0	-1	-1	-12	5	21	23	
7	1	0	0	-1	-10	6	19	14	
7	1	-1	0	-1	-8	6	18	7	
4	2	-1	0	0	-8	7	18	17	
5	4	-1	0	-2	-9	8	18	20	
7	3	0	3	-3	-9	7	20	24	
8	2	1	3	-1	-13	3	19	25	
6	2	0	-1	-3	-17	3	18	21	
4	2	-1	-4	-7	-37	-2	15	17	
0	2	7	27	72	209	80	19	39	
0	2	7	27	72	211	82	21	14	
-1	0	5	27	71	212	83	21	2	
-1	0	6	27	71	212	85	23	22	
0	2	6	30	72	212	85	19	17	
0	1	7	27	72	212	80	22	2	
0	2	7	28	73	212	79	25	0	
0	2	7	28	72	212	81	25	-2	
0	2	9	26	72	213	83	30	3	
0	3	9	26	71	209	82	29	0	
0	3	7	25	69	201	76	23	-5	
0	-1	7	24	58	185	70	20	-5	
0	-1	6	24	54	166	66	18	2	
0	0	4	18	51	153	68	17	-6	
0	0	4	16	48	131	62	12	-13	
-3	0	3	16	40	121	57	9	-6	
-3	0	2	16	35	0	0	0	0	
2	5	0	-1	7	10	-9	8	20	
0	5	0	-2	3	7	-10	5	16	
1	2	10	34	80	219	86	34	2	
7	2	11	35	82	221	86	34	-5	
4	2	10	35	82	221	87	32	8	
2	2	10	36	81	219	87	34	35	
2	2	12	36	83	220	88	33	11	
0	2	11	34	82	221	87	35	7	
0	1	13	33	84	220	86	36	18	
2	1	13	34	85	219	87	32	29	
6	0	10	34	84	219	84	29	17	
4	-1	10	33	82	219	84	30	1	
3	0	10	33	81	218	85	29	6	
2	2	13	35	82	217	86	34	5	
4	1	8	35	80	208	84	30	10	
4	0	9	33	76	203	79	27	0	
3	0	9	31	68	181	69	23	-2	
1	0	8	28	58	149	60	19	-13	
1	-1	8	26	52	131	52	14	-4	
3	3	1	-5	-7	21	1	11	8	
0	4	2	-4	-6	23	3	10	1	
0	6	2	-2	-4	24	5	10	5	
1	6	3	-1	-4	29	6	10	5	
0	5	2	-2	-1	41	10	16	10	
-1	4	1	-3	0	43	12	17	6	
0	4	1	0	1	46	10	17	17	
2	3	1	0	1	46	9	17	18	
0	3	0	0	0	46	8	14	11	
0	2	1	4	1	43	7	14	10	
0	2	0	4	0	39	8	15	18	
0	2	-1	-4	-2	30	4	16	18	
3	2	0	-5	-4	26	1	0	0	
0	-4	-13	-34	-81	-227	-93	-26	23	
0	0	0	0	0	-6	-24	3	19	
2	6	3	9	29	-6	-23	1	14	
2	6	2	7	29	-7	-22	0	7	
1	2	3	7	26	-8	-25	0	5	
1	2	4	8	24	-8	-25	1	2	
1	7	5	9	25	-9	-24	4	2	
2	7	5	8	25	-10	-25	4	1	
3	2	4	5	23	-14	-28	0	2	
3	1	5	5	21	-18	-28	0	5	
5	5	5	4	18	-20	-26	0	-1	
5	6	4	4	17	-22	-29	0	2	
0	-1	-8	-29	-76	-213	-83	-23	19	
0	0	0	0	0	0	13	2	1	
0	-1	4	7	16	41	15	5	-2	
1	0	4	9	22	60	27	10	-2	
4	2	6	17	42	105	37	13	2	
4	3	9	21	52	128	53	20	3	
5	3	11	29	72	175	61	24	0	
5	3	12	32	81	194	68	29	11	
3	2	16	35	90	208	75	36	15	
3	1	14	34	90	208	76	35	30	
4	3	9	34	85	208	75	33	28	
4	4	9	34	83	207	73	33	1	
3	4	14	34	86	209	74	32	5	
3	4	13	36	87	209	75	34	28	
4	4	11	36	84	207	73	36	20	
6	4	15	34	83	208	73	37	-6	
6	4	14	33	85	207	73	34	-4	
6	2	14	32	85	206	72	34	11	
7	1	19	34	85	206	73	35	8	
7	2	18	36	85	206	72	34	7	
7	3	17	33	85	202	70	33	11	
7	4	17	32	85	198	70	34	7	
7	4	16	33	78	187	64	30	5	
5	1	16	28	73	178	59	25	0	
2	0	14	24	69	161	51	21	-1	
3	1	14	26	67	152	43	19	-1	
4	2	14	25	60	130	37	18	4	
4	0	13	23	56	123	29	16	4	
5	-1	13	18	51	110	27	13	3	
9	0	8	4	23	42	3	4	0	
9	3	7	12	33	71	20	9	5	
6	2	9	15	40	87	29	16	8	
6	3	12	21	58	134	49	19	7	
8	3	12	22	76	181	71	31	18	
8	4	14	24	81	196	80	38	18	
7	6	17	31	85	206	87	44	11	
7	6	15	29	86	206	87	46	25	
9	6	13	28	86	206	86	41	49	
11	5	14	29	87	206	86	39	36	
9	4	14	28	87	205	90	43	11	
6	4	13	27	86	204	88	44	5	
7	5	13	29	86	206	86	44	17	
11	7	14	31	86	206	88	43	37	
11	7	15	30	86	204	87	40	19	
10	7	13	29	86	205	88	41	22	
8	7	13	29	86	205	87	39	24	
8	7	15	28	86	199	84	39	21	
8	8	17	27	82	194	81	39	15	
9	8	15	29	77	179	75	35	12	
9	7	15	27	74	169	71	33	4	
10	7	15	21	68	147	66	28	8	
11	6	14	20	65	127	56	26	16	
9	6	13	20	60	118	53	24	16	
10	6	13	0	0	0	0	0	0	
0	0	0	0	0	0	6	0	-4	
-2	0	-3	1	-6	37	7	0	3	
-2	0	-4	2	-6	43	7	4	4	
0	1	-4	2	-6	43	8	6	-4	
0	0	-5	4	-5	45	8	4	-5	
-2	0	-6	5	-4	47	8	3	-3	
-2	3	-6	6	-4	48	11	3	-5	
0	3	-6	4	-4	47	12	3	0	
0	0	-6	4	-3	46	9	3	-2	
-1	-3	-5	7	-5	45	9	1	-4	
0	-1	-4	5	-6	46	10	6	-12	
-1	0	-4	1	-6	46	8	7	-12	
-6	0	-6	1	-7	43	8	4	-6	
-7	0	-7	0	-9	39	11	4	-4	
-5	0	-6	0	-10	30	7	1	0	
-6	-1	-6	0	-11	24	2	0	1	
10	7	19	35	91	217	90	42	30	
10	7	15	32	91	217	91	42	28	
10	7	17	30	88	216	91	47	15	
9	6	17	31	88	214	91	46	6	
10	7	19	32	91	214	92	42	0	
10	6	21	30	90	216	92	44	3	
10	5	20	31	90	216	91	47	13	
11	8	20	31	90	216	93	47	26	
11	7	19	32	91	215	93	48	11	
10	4	23	33	91	214	90	50	-12	
9	4	23	32	89	214	92	48	5	
8	5	20	33	90	216	94	47	19	
8	6	20	34	91	215	93	45	6	
9	7	22	32	90	216	91	47	10	
10	6	22	32	88	215	91	47	-9	
10	5	20	31	87	208	89	46	12	
9	5	22	27	88	205	89	45	18	
9	4	21	26	85	195	88	44	10	
9	4	20	26	81	189	86	44	12	
9	4	20	25	75	173	81	40	13	
7	3	19	24	70	162	77	38	13	
6	3	17	20	61	139	67	33	14	
6	3	16	19	57	126	57	28	6	
0	3	-9	2	11	63	0	0	-7	
-2	3	-12	2	12	64	0	-1	3	
-5	4	-13	2	13	65	0	-1	7	
-2	5	-8	3	12	71	0	0	0	
3	5	-5	5	12	76	2	-1	0	
3	3	-7	5	12	75	2	-1	-3	
1	3	-7	3	11	72	0	-1	-8	
0	6	-6	3	11	69	0	-3	-2	
0	5	-8	1	9	62	-1	-3	0	
0	4	-8	1	5	53	-3	-4	6	
1	4	-8	-1	1	0	0	0	0	
5	3	20	41	93	224	96	44	4	
5	1	20	41	94	224	94	44	7	
5	3	20	42	94	226	96	45	25	
5	4	19	41	94	228	98	46	13	
4	3	17	41	94	228	99	46	20	
4	3	17	41	93	226	99	46	24	
5	3	16	41	93	226	99	46	3	
4	1	17	41	93	227	98	47	8	
6	2	19	42	93	228	98	50	18	
5	4	19	40	93	227	101	51	22	
4	1	20	37	92	225	101	49	-10	
4	4	19	39	93	227	101	48	-11	
4	7	19	43	93	228	101	48	22	
5	6	21	43	93	226	101	48	14	
7	6	22	44	92	224	99	48	10	
8	5	20	44	91	221	96	47	10	
4	4	20	42	87	214	93	46	3	
6	5	20	42	85	211	91	45	14	
6	5	18	42	85	208	91	44	16	
4	5	18	42	82	202	89	43	19	
5	4	15	40	80	199	87	43	16	
6	3	15	40	78	192	85	41	8	
7	3	16	38	76	190	83	39	7	
7	4	16	38	74	184	81	40	13	
6	4	16	37	74	181	82	40	12	
6	4	15	37	74	179	81	39	13	
6	4	13	38	74	178	79	39	15	
5	6	12	34	73	172	78	39	11	
5	5	13	31	70	169	74	37	18	
5	2	13	31	65	156	71	36	20	
4	2	9	31	60	134	67	34	15	
2	1	8	31	55	122	59	30	13	
0	0	0	0	0	22	-10	-8	-14	
5	4	0	-4	3	26	-10	-8	-9	
4	3	1	-4	3	26	-10	-8	-8	
2	3	2	-4	5	25	-10	-7	-9	
3	4	3	-5	5	27	-10	-7	-7	
3	4	4	-4	4	30	-11	-6	-9	
4	4	2	-4	3	31	-11	-6	-13	
3	4	1	-5	4	30	-11	-6	-7	
3	4	0	-6	4	29	-11	-9	-5	
3	4	0	-9	3	26	-11	-10	-11	
2	6	3	-7	0	18	-13	-12	-11	
1	2	13	46	97	241	98	48	25	
1	3	13	48	99	241	96	44	10	
1	6	15	48	99	242	96	43	9	
1	6	15	48	100	243	98	47	35	
1	6	14	48	101	242	99	47	29	
0	5	14	48	97	241	100	45	5	
0	5	13	44	95	242	101	48	0	
1	5	14	45	96	242	99	51	24	
2	3	14	46	99	240	96	49	29	
2	3	14	46	98	240	96	50	30	
1	3	12	46	98	240	97	45	10	
0	2	12	44	97	240	98	45	5	
-2	3	13	44	95	234	97	49	22	
-1	3	12	43	90	217	90	44	18	
0	3	11	41	87	210	87	43	21	
0	3	11	40	81	192	83	41	16	
2	2	11	38	78	181	79	35	4	
1	2	12	32	67	154	72	32	6	
-1	1	11	29	60	137	68	32	0	
-1	3	1	-3	4	38	-2	3	-2	
-2	3	1	-4	7	38	0	3	-1	
-2	1	0	-3	10	43	0	4	-6	
-1	3	-1	0	10	49	0	3	-5	
0	5	0	0	10	53	3	2	-2	
0	3	2	0	12	57	6	3	0	
0	3	2	0	13	58	5	5	12	
0	3	0	-1	12	55	2	3	9	
0	3	-1	-1	9	49	-1	0	-3	
-2	3	0	-2	7	44	-3	2	-3	
-3	1	0	-4	3	31	-6	2	-10	
0	-1	10	31	71	186	72	32	10	
0	0	6	31	71	186	72	33	21	
1	0	4	29	71	186	73	28	8	
3	0	8	28	71	187	74	33	26	
4	0	9	27	71	187	74	34	14	
3	-1	9	28	71	187	75	35	10	
0	-3	5	29	71	186	74	37	34	
-1	-3	2	28	70	185	72	30	18	
-1	-3	4	28	70	185	73	31	7	
0	-2	6	29	70	186	74	34	33	
2	-1	6	30	70	187	75	31	55	
3	-2	7	30	70	187	75	29	25	
1	-1	6	29	71	185	75	31	3	
0	-2	4	28	71	184	75	31	6	
0	-4	2	25	68	178	74	29	4	
0	-2	3	26	66	171	68	26	11	
0	-1	4	23	62	163	67	25	11	
0	-2	2	20	56	152	64	25	8	
0	-5	2	18	51	147	60	24	11	
0	-5	1	16	46	134	53	22	9	
-1	-5	1	16	45	127	52	17	7	
-1	-5	2	15	41	118	51	14	7	
0	-5	2	12	39	114	51	19	14	
1	-6	1	9	38	112	51	19	6	
0	-6	0	11	34	105	50	16	1	
0	-5	0	13	33	101	48	16	11	
-2	-5	0	5	17	65	30	8	2	
-2	-4	1	6	25	83	35	9	4	
-2	-3	0	7	30	93	43	11	8	
0	-1	2	13	42	120	46	14	13	
0	0	4	16	55	149	58	22	16	
0	1	6	24	62	160	64	26	15	
0	1	7	30	70	182	71	30	18	
0	0	8	28	72	187	73	30	15	
0	0	8	28	73	187	73	32	36	
2	0	8	28	73	187	71	34	12	
2	-1	8	25	74	189	72	32	-3	
1	0	8	25	74	189	75	31	11	
1	2	8	25	75	189	77	31	21	
1	1	10	25	75	189	77	31	0	
1	0	9	25	73	189	75	29	11	
0	0	9	25	73	189	76	30	18	
0	1	10	26	73	189	76	32	30	
1	0	9	23	71	189	72	29	30	
2	0	8	23	71	190	73	29	17	
2	1	7	23	72	190	75	30	6	
2	0	8	23	72	189	75	31	9	
0	0	8	22	73	189	76	32	28	
-1	0	7	22	71	187	76	30	27	
-1	0	7	20	70	176	70	29	14	
1	-1	8	21	66	165	64	26	15	
0	-3	8	18	60	146	54	21	3	
0	-3	6	16	52	134	51	16	-3	
0	-3	3	13	42	110	40	11	3	
-2	-3	3	14	39	99	34	9	4	
0	0	1	6	12	24	3	0	0	
0	-4	5	8	20	43	12	7	2	
-2	-3	12	16	43	99	40	20	5	
-1	-1	13	23	55	132	66	28	-2	
0	1	13	31	73	179	76	34	0	
1	1	13	30	79	190	81	40	19	
0	1	12	32	79	189	82	37	15	
0	1	12	33	79	191	81	36	27	
0	1	13	31	79	193	82	38	12	
0	1	15	31	80	193	84	42	5	
0	1	15	33	80	193	83	42	3	
-1	1	14	32	78	191	82	42	1	
-1	1	15	32	79	191	81	41	7	
0	2	15	32	80	191	81	39	2	
0	2	12	32	79	192	81	40	8	
0	2	10	31	79	192	79	35	4	
0	2	14	32	79	192	78	35	-1	
0	3	14	33	79	192	80	39	12	
1	3	13	28	79	190	81	38	12	
2	2	11	27	79	191	80	39	7	
2	4	11	30	78	194	82	40	11	
0	5	10	31	78	192	82	39	25	
0	3	10	31	77	192	79	39	21	
0	4	11	29	76	193	81	40	15	
0	4	11	27	71	176	73	36	14	
1	4	11	25	66	164	58	25	10	
-1	1	8	18	56	145	52	20	2	
-1	1	6	17	47	121	37	14	1	
-1	0	5	19	44	106	29	11	1	
-1	0	6	8	16	28	-12	-3	-4	
1	2	7	13	26	55	3	3	2	
1	3	7	14	33	73	26	13	3	
3	3	13	21	55	135	49	25	10	
2	3	13	25	63	171	70	34	11	
2	6	11	28	77	184	79	36	14	
4	6	13	28	79	192	83	43	-2	
3	4	15	29	79	191	83	46	14	
2	3	11	31	80	190	84	43	12	
2	4	11	31	80	191	86	42	20	
3	4	12	31	79	193	84	42	15	
3	4	12	30	79	196	84	47	6	
5	3	14	29	79	197	87	47	20	
5	4	11	29	78	197	87	46	20	
5	6	11	31	78	196	85	44	-1	
5	3	15	31	78	195	86	49	-7	
5	3	13	31	79	196	86	51	15	
5	3	10	30	79	196	86	47	17	
5	2	15	30	79	196	87	50	25	
5	3	15	31	79	198	88	52	30	
5	4	13	32	79	198	86	50	10	
7	4	14	32	79	198	86	48	4	
7	5	13	34	79	197	85	48	24	
3	3	12	32	80	196	83	44	10	
3	3	12	29	78	193	82	44	-6	
7	5	14	29	76	188	82	46	3	
7	2	13	26	70	167	76	42	5	
4	3	12	25	59	137	65	34	5	
3	3	11	23	54	120	57	29	8	
4	0	0	0	0	0	0	0	0	
3	0	6	11	31	51	29	16	3	
3	1	7	16	44	84	42	27	6	
2	1	10	27	69	160	72	35	7	
3	1	12	31	78	192	93	50	0	
3	3	11	32	87	220	96	50	11	
3	4	11	32	89	221	97	51	24	
5	4	12	34	90	221	98	51	12	
4	4	12	34	89	221	97	48	0	
3	3	17	36	88	216	93	51	-4	
2	2	15	37	88	216	94	53	-5	
1	1	12	36	89	219	95	53	4	
1	1	13	36	90	219	96	55	22	
4	1	12	35	90	219	97	53	24	
5	2	12	36	88	219	95	47	25	
5	2	13	34	88	217	95	48	18	
4	2	11	33	89	217	96	51	15	
2	3	11	34	88	217	96	51	19	
4	2	12	34	88	218	96	51	17	
4	1	11	32	90	220	97	49	20	
3	0	12	32	91	220	100	52	16	
4	3	12	32	91	220	100	52	15	
4	4	12	33	87	210	96	49	12	
3	3	13	34	80	196	91	44	5	
3	1	13	28	68	167	82	40	9	
5	1	12	24	62	151	72	34	12	
0	0	0	0	21	36	34	18	2	
5	0	7	14	31	64	46	23	3	
6	2	12	24	52	123	65	30	7	
6	3	13	28	65	152	70	33	17	
4	2	13	31	84	203	89	43	9	
4	6	15	35	91	221	93	49	12	
6	6	15	37	91	220	94	47	11	
5	4	13	38	90	219	95	50	13	
5	4	14	38	92	218	95	50	0	
7	5	14	37	92	219	95	47	-5	
8	5	15	37	89	220	93	47	14	
9	5	15	37	90	220	93	47	9	
9	4	14	37	91	221	94	46	15	
7	6	13	37	90	220	98	48	5	
7	5	14	37	89	221	93	50	19	
4	4	13	36	90	219	92	50	27	
4	4	13	36	89	218	92	49	17	
6	7	13	37	89	222	96	51	15	
8	7	15	39	90	224	98	50	17	
11	6	16	38	90	222	97	51	8	
8	5	15	38	89	223	97	52	-10	
10	6	15	37	92	226	96	55	-12	
8	6	14	37	92	224	95	53	7	
3	5	11	37	91	221	96	50	21	
3	4	11	38	91	222	96	51	19	
3	3	11	37	87	213	93	52	5	
3	3	6	31	83	202	91	49	0	
4	2	2	25	68	167	81	42	10	
4	1	3	24	58	144	74	36	8	
3	3	3	12	15	43	33	17	-8	
5	5	7	19	31	77	56	25	1	
5	6	14	31	67	149	63	32	7	
4	7	17	36	82	182	79	44	8	
7	8	17	47	104	236	89	47	4	
8	9	17	49	114	254	97	49	19	
7	11	17	50	114	252	96	48	18	
7	11	18	49	111	250	97	50	23	
6	10	18	48	111	248	98	53	13	
5	9	18	48	112	248	98	50	-2	
5	8	20	49	112	251	100	50	14	
6	8	20	49	112	250	99	52	0	
7	8	20	47	109	248	97	51	4	
7	10	20	49	109	248	98	51	12	
6	10	16	50	109	248	97	49	4	
5	10	17	50	109	247	98	47	7	
5	10	21	51	110	250	99	48	0	
5	11	21	49	108	248	100	49	-8	
5	10	21	45	107	241	93	43	15	
5	10	20	43	100	216	88	41	6	
3	10	18	43	95	197	83	36	12	
3	9	18	38	83	156	66	32	13	
4	9	18	35	0	0	0	0	0	
1	-2	0	0	12	115	22	9	9	
0	-2	-1	0	13	122	24	12	5	
-2	-2	-2	-2	15	122	24	12	1	
-2	-2	-5	-1	14	121	23	12	1	
-1	-1	-5	0	12	121	23	9	4	
0	-1	-5	0	11	119	21	8	4	
0	-3	-6	-2	11	119	20	8	4	
-1	-3	-5	-3	11	117	21	7	18	
1	-2	-4	-3	11	115	21	7	19	
1	-2	-5	-3	9	110	20	8	6	
-1	-3	-5	-3	8	104	20	9	13	
-3	-3	-5	-4	6	98	18	9	5	
-3	-3	-7	-5	3	89	13	6	-6	
-2	-4	-7	-5	0	82	11	5	0	
-1	-4	-6	-4	-5	65	8	2	3	
6	9	22	40	108	255	104	52	16	
5	11	22	40	108	254	104	51	20	
4	8	22	41	105	253	104	46	20	
4	8	21	40	106	253	104	46	19	
6	9	19	40	108	253	104	46	9	
6	8	19	40	108	254	106	45	11	
5	8	18	38	106	248	105	47	2	
5	6	18	36	102	244	104	48	16	
5	7	15	35	94	228	98	46	7	
5	7	14	34	90	216	91	43	7	
5	6	15	29	77	184	80	36	0	
3	4	14	27	70	164	74	30	0	
2	4	14	23	54	129	57	22	2	
0	0	-1	12	29	101	22	9	15	
2	0	0	12	29	106	23	10	16	
2	0	0	14	32	111	23	10	17	
1	0	0	14	34	111	23	13	8	
0	0	1	14	37	116	25	15	7	
0	1	1	15	37	119	27	12	18	
3	1	1	16	37	124	30	15	18	
4	0	1	16	36	123	29	15	12	
0	-1	-3	15	33	113	27	13	14	
-1	-1	-5	14	33	105	23	12	11	
-1	0	-4	10	26	84	20	8	20	
0	0	-6	9	23	77	17	5	20	
-6	-10	-22	-43	-110	-259	-110	-41	17	
-7	-10	-21	-42	-110	-258	-109	-51	10	
-9	-13	-22	-41	-112	-261	-111	-50	10	
-11	-9	-21	-41	-110	-259	-108	-48	10	
0	0	-1	-5	-14	0	21	12	20	
-1	-1	-1	-2	-14	-3	17	10	15	
-1	-1	-1	0	-15	-8	15	9	19	
-2	-2	-2	-2	-17	-13	14	8	15	
-2	-2	-3	-4	-18	-22	10	5	11	
-4	-8	-15	-37	-111	-267	-119	-65	22	
-1	-8	-14	-38	-112	-266	-120	-63	16	
0	10	16	36	108	258	118	62	16	
6	11	13	35	107	260	117	63	9	
5	10	12	35	104	256	116	60	3	
6	11	16	34	103	250	116	58	3	
6	11	15	32	96	230	106	56	-3	
3	8	12	29	94	218	106	55	0	
5	8	11	30	89	209	101	54	5	
5	9	11	29	87	208	101	54	2	
6	10	12	28	84	202	101	51	8	
7	10	13	29	86	202	100	51	3	
6	10	8	29	84	202	100	50	-1	
3	7	9	26	82	192	96	51	8	
5	8	8	26	84	192	96	51	10	
4	5	7	25	84	191	95	52	3	
4	6	8	24	83	191	96	53	0	
1	9	8	24	82	188	97	52	2	
1	5	4	21	83	186	95	51	2	
5	4	4	20	83	188	93	49	-3	
3	7	6	23	81	188	94	52	11	
2	7	6	23	81	187	94	55	20	
2	6	5	23	81	183	93	50	5	
2	6	5	23	80	182	93	48	4	
3	6	6	22	79	181	93	49	4	
3	5	6	19	79	181	91	49	-1	
2	5	6	18	78	180	91	50	5	
2	6	5	21	78	179	92	49	11	
3	5	7	22	79	180	94	49	10	
3	6	9	22	79	189	98	51	8	
4	8	9	29	85	199	98	51	11	
4	8	9	29	89	212	105	57	12	
2	10	12	30	99	243	113	62	11	
2	10	13	33	108	261	121	66	10	
3	9	13	36	110	263	123	67	-20	
2	10	11	33	111	263	123	66	-6	
2	10	11	32	111	264	123	67	22	
8	10	12	33	110	268	122	64	0	
9	9	12	34	108	267	119	65	-26	
7	9	11	31	109	266	120	70	-13	
7	9	11	31	109	266	120	66	5	
7	10	12	35	110	267	125	67	12	
7	10	10	35	109	267	124	67	2	
7	9	9	33	108	264	121	66	-11	
7	9	9	33	109	263	121	63	-6	
7	9	11	35	109	262	120	63	0	
6	9	11	34	109	264	120	62	0	
5	9	10	34	111	265	123	64	-2	
6	9	10	33	111	265	120	66	28	
6	9	12	34	108	264	120	65	18	
7	9	11	36	109	263	122	66	0	
7	8	10	33	112	263	124	68	-2	
7	8	11	32	112	264	123	67	-1	
8	8	10	30	111	265	122	65	17	
5	8	8	31	112	265	123	63	14	
5	9	8	31	111	265	122	64	22	
6	9	7	28	108	262	119	66	22	
7	8	8	28	99	249	111	61	8	
7	8	9	28	99	241	109	60	11	
5	9	10	26	98	237	110	58	4	
6	8	9	26	95	231	104	54	4	
7	8	7	23	89	214	99	53	9	
7	8	6	22	88	206	96	51	4	
8	7	5	22	85	194	91	52	6	
7	8	6	21	83	187	89	50	1	
6	7	4	18	75	169	83	45	-7	
7	5	3	18	67	150	74	41	0	
5	4	3	18	64	140	70	40	6	
0	1	4	6	35	78	39	22	3	
4	2	10	21	69	190	82	42	18	
5	4	13	19	78	197	84	42	-11	
3	0	10	22	76	196	88	47	10	
2	0	8	23	79	197	88	47	4	
0	1	10	23	78	196	86	46	31	
0	1	11	21	78	194	84	45	26	
3	1	9	21	72	191	82	43	18	
1	3	10	20	68	180	79	41	19	
2	1	7	20	66	174	75	38	10	
1	0	5	16	58	157	67	36	1	
1	0	5	13	53	146	65	36	4	
0	-1	4	11	43	128	58	30	9	
0	0	2	10	39	120	55	27	8	
1	0	0	8	30	100	50	26	1	
0	-3	1	-6	-7	18	23	14	-1	
-2	-3	1	-4	2	38	26	17	2	
-2	-4	1	-2	8	50	38	21	3	
0	-2	7	12	27	91	46	24	1	
0	0	11	17	40	145	68	36	10	
1	1	15	24	69	171	76	42	11	
2	2	15	29	77	189	85	45	4	
0	1	15	29	77	194	84	45	11	
0	1	14	29	77	192	83	44	14	
1	5	14	30	78	190	86	44	12	
2	3	14	30	76	191	86	46	31	
4	1	17	29	77	191	84	44	10	
3	1	17	29	79	189	85	43	13	
1	1	16	32	79	190	87	43	32	
1	2	17	33	81	193	88	43	15	
3	3	18	30	80	193	87	44	2	
1	2	18	28	77	192	88	46	3	
1	2	17	27	77	191	88	45	5	
4	2	17	29	77	191	86	40	1	
4	2	17	30	77	190	87	45	21	
2	2	19	31	79	193	90	50	40	
2	2	17	30	79	193	89	47	12	
3	3	16	25	78	194	88	45	2	
3	3	15	25	79	193	89	45	5	
2	4	14	27	77	193	88	41	-11	
1	4	16	27	76	193	89	42	4	
2	3	15	27	77	195	89	46	0	
3	3	16	29	77	192	87	45	9	
3	2	16	27	69	170	78	39	4	
0	1	13	20	63	154	72	38	1	
-2	0	12	18	54	133	61	32	-1	
0	-2	12	18	50	126	54	29	-1	
0	0	0	3	17	23	10	6	-3	
1	-2	10	7	24	46	21	11	0	
2	-1	15	13	43	96	45	22	2	
2	-1	15	15	53	117	57	25	0	
2	-1	19	21	69	164	77	37	4	
2	-1	23	24	74	184	84	46	10	
3	-3	23	27	81	198	92	49	5	
3	-2	22	27	82	199	94	48	19	
3	0	22	27	81	200	96	48	5	
2	-1	22	27	81	200	96	51	11	
2	0	23	25	81	200	95	53	14	
1	1	23	25	81	200	95	55	30	
0	-1	21	26	81	199	95	52	6	
2	-1	21	26	81	199	96	51	1	
3	1	20	28	79	199	96	49	21	
1	0	20	28	77	199	96	47	20	
1	0	22	30	79	200	97	50	36	
2	0	22	30	79	201	98	53	23	
4	1	23	27	79	201	97	51	-1	
4	1	22	27	80	202	98	50	7	
3	1	20	25	79	202	97	51	14	
3	2	21	26	79	202	95	53	18	
2	5	21	27	81	203	98	53	30	
1	5	20	26	80	199	97	48	16	
2	2	20	25	64	173	89	49	12	
1	0	20	19	56	152	83	46	8	
-1	-1	15	12	44	118	71	40	5	
1	-1	14	10	39	0	0	0	0	
0	0	0	1	3	23	28	14	0	
3	1	10	2	9	39	32	14	0	
3	3	13	7	26	76	43	15	-1	
5	4	15	11	38	103	51	24	3	
6	5	17	22	64	166	67	29	6	
5	4	21	32	85	223	81	38	5	
6	6	19	34	91	236	88	37	16	
7	7	18	33	91	234	88	40	18	
5	5	19	33	89	234	89	46	18	
6	5	19	33	91	234	89	44	20	
7	7	21	33	92	233	89	45	1	
6	7	20	33	92	231	89	40	-1	
4	6	17	31	89	229	86	37	1	
5	5	20	32	87	231	87	42	6	
8	6	21	33	87	233	88	44	-22	
8	7	22	33	88	233	87	40	-30	
8	8	23	32	88	233	88	37	-5	
6	6	24	31	88	231	89	38	14	
6	5	23	31	90	231	89	40	25	
7	5	24	29	91	231	89	44	10	
8	6	24	28	90	232	89	43	-9	
7	6	23	28	91	233	89	45	2	
4	5	24	29	92	231	89	45	1	
6	5	24	29	92	232	91	41	-5	
5	5	24	28	91	232	91	45	5	
2	4	23	27	88	233	89	45	18	
1	3	23	28	88	232	89	43	18	
1	3	23	29	88	231	90	43	19	
2	3	24	31	89	231	90	44	23	
2	3	25	30	85	217	84	41	4	
-2	3	21	29	80	206	80	35	-3	
-2	3	20	28	75	189	73	31	4	
2	4	19	26	70	176	67	29	6	
2	4	19	20	57	139	54	23	-8	
1	3	19	18	52	121	49	0	0	
3	2	-12	-2	0	43	16	9	18	
3	1	-9	0	0	48	19	9	10	
5	1	-9	0	0	49	23	9	5	
3	3	-11	-1	2	49	21	9	7	
1	2	-9	-1	2	51	22	10	2	
2	2	-6	3	3	55	24	11	13	
2	2	-6	3	5	58	25	11	24	
2	0	-8	1	5	56	25	11	20	
2	0	-8	1	5	54	25	11	15	
4	0	-7	0	6	55	25	11	10	
5	0	-7	0	4	55	23	11	15	
4	0	-8	0	1	52	23	11	14	
1	1	-9	-2	-1	45	22	10	5	
3	0	-8	0	-1	45	19	9	8	
4	0	-8	0	-2	36	17	6	15	
3	8	20	33	92	237	94	38	5	
2	8	18	33	92	237	94	40	6	
2	7	19	32	94	236	92	40	26	
3	6	19	30	94	236	96	41	0	
1	6	17	31	94	237	98	40	6	
1	6	18	32	94	238	98	35	4	
1	7	20	30	92	238	95	35	-13	
0	8	20	30	92	237	93	42	-18	
0	6	20	32	94	237	94	43	12	
0	6	20	32	93	238	96	45	-6	
0	8	20	31	93	238	96	44	-15	
0	10	21	30	92	237	94	43	8	
0	9	21	31	92	236	95	43	4	
0	6	21	29	87	222	91	43	4	
1	6	18	25	80	209	85	38	1	
1	5	17	20	66	181	71	29	-7	
0	5	18	17	54	149	61	23	-5	
0	3	15	13	49	133	54	22	-3	
-1	0	5	0	7	17	9	2	-7	
-1	0	5	3	13	32	15	7	-9	
-2	0	5	3	16	39	15	8	-4	
-3	0	8	5	23	63	23	9	-13	
-1	3	8	10	27	78	39	14	-18	
0	3	9	15	44	118	49	19	-10	
1	4	13	20	69	177	71	32	2	
0	8	22	36	81	206	82	41	10	
0	9	22	41	93	242	98	51	29	
0	9	19	38	93	244	98	50	19	
0	10	21	36	93	244	98	50	6	
0	9	22	38	93	245	99	51	9	
0	9	19	37	93	247	98	52	21	
0	9	18	36	93	247	99	47	31	
0	10	19	37	92	246	100	46	16	
1	11	19	38	92	244	99	51	5	
2	10	20	39	93	244	96	50	10	
2	9	17	39	94	245	97	48	15	
1	9	19	38	94	246	98	50	10	
0	10	19	38	94	244	98	51	14	
0	10	18	38	93	244	99	51	-4	
1	9	17	38	92	247	99	49	-7	
0	8	15	39	90	247	97	49	-2	
0	8	14	39	92	247	100	47	12	
0	7	15	36	94	248	100	50	16	
1	8	18	36	95	249	99	53	11	
1	9	19	38	93	248	99	52	-8	
3	9	19	37	93	249	98	52	10	
3	10	19	37	93	249	99	53	18	
2	10	19	38	93	247	99	53	22	
2	10	19	39	93	246	96	50	-1	
2	10	18	39	93	246	97	49	3	
2	8	16	38	93	248	100	48	16	
2	6	15	38	94	249	99	48	17	
2	7	17	38	95	246	99	50	30	
2	9	18	38	95	246	98	50	32	
1	9	17	36	89	230	91	44	18	
0	8	14	30	79	208	83	39	5	
0	7	9	22	61	158	66	32	-2	
0	7	8	20	53	132	58	0	0	
0	0	0	3	20	81	21	9	19	
2	1	-1	3	20	82	21	9	9	
2	0	-1	2	18	82	20	9	9	
4	0	-1	2	17	78	21	7	17	
5	1	0	4	17	78	21	6	15	
4	1	-2	4	16	71	17	6	6	
3	1	-3	2	13	60	15	5	5	
3	2	-2	2	11	54	15	5	1	
4	2	0	0	6	43	11	3	0	
-2	9	15	40	90	251	97	48	9	
-2	9	15	38	90	252	98	48	-5	
0	11	18	39	90	254	100	49	23	
-2	12	18	37	91	255	99	51	1	
0	14	16	37	90	256	99	54	-18	
0	14	16	40	90	256	99	52	-7	
-1	13	15	40	91	256	98	46	10	
-3	12	15	40	93	256	99	50	14	
-4	14	15	40	92	253	100	50	4	
-4	15	16	41	93	254	101	50	-5	
-1	11	19	41	94	254	101	50	20	
-1	11	19	40	93	254	98	50	27	
-2	13	18	40	92	255	98	50	9	
-1	11	15	40	92	255	99	47	13	
1	12	14	41	91	253	100	49	2	
1	14	14	40	86	237	94	45	-1	
0	15	13	30	66	179	72	32	8	
1	14	12	26	56	153	0	0	0	
0	6	5	1	7	17	17	14	11	
0	9	11	22	63	172	68	30	8	
0	9	12	27	74	238	90	44	8	
3	13	19	33	91	262	99	52	16	
4	15	21	36	101	290	110	58	22	
2	12	19	38	101	293	111	58	20	
2	13	19	39	101	291	111	59	23	
4	16	19	38	100	289	112	58	14	
3	17	20	38	98	287	113	57	-3	
3	15	20	36	99	287	112	56	9	
3	15	18	34	99	288	112	58	15	
5	14	20	35	100	290	110	58	17	
6	14	19	36	101	290	112	56	-19	
4	12	19	35	101	290	112	59	-7	
3	14	20	35	101	292	112	62	19	
3	15	19	35	101	291	113	60	16	
4	14	18	35	101	291	112	60	5	
0	16	18	35	98	290	112	57	0	
0	16	19	33	97	289	111	52	0	
4	13	19	35	99	292	110	54	17	
4	13	17	36	98	293	114	58	23	
4	13	19	34	96	289	111	56	18	
5	13	18	28	85	259	99	52	3	
6	12	16	27	78	244	88	47	9	
5	11	12	18	63	208	82	42	8	
3	11	12	12	41	159	67	34	6	
3	5	6	-3	-9	16	15	14	0	
3	5	9	-2	0	39	20	22	1	
4	6	11	8	28	108	41	26	4	
7	9	12	17	45	190	71	38	9	
7	15	15	30	81	228	89	44	8	
7	16	17	37	104	284	113	58	15	
7	16	20	46	107	290	115	63	9	
7	16	21	45	110	290	118	63	-1	
9	17	22	42	110	292	118	61	14	
10	18	21	42	109	293	115	62	21	
10	17	21	42	107	293	116	62	10	
10	14	20	41	105	295	115	61	-2	
10	14	20	43	107	295	115	64	10	
7	14	20	44	108	295	117	64	15	
6	15	20	44	108	295	118	61	0	
9	15	20	43	107	294	116	62	3	
9	16	20	40	108	295	116	63	13	
8	16	20	41	108	296	116	60	34	
8	16	18	42	106	296	115	61	7	
8	17	20	42	106	296	115	66	2	
7	17	22	41	109	296	118	62	18	
6	16	18	43	109	294	118	55	18	
6	15	19	44	107	293	118	58	20	
6	16	18	42	106	295	119	64	19	
6	18	17	41	107	295	119	64	22	
7	17	17	41	107	295	119	64	30	
5	16	17	43	107	294	119	61	40	
5	17	17	47	107	294	118	56	27	
8	17	18	46	107	294	118	59	27	
6	19	17	44	109	296	120	61	38	
5	18	19	44	109	297	121	58	33	
6	18	18	46	108	295	122	58	11	
8	18	17	46	108	296	118	60	18	
6	22	19	43	108	294	118	59	18	
7	22	20	43	109	294	119	64	18	
7	21	19	43	109	295	119	63	29	
7	21	19	42	109	295	117	59	0	
8	21	20	42	109	294	118	61	13	
7	21	19	42	106	294	120	64	32	
7	20	20	44	105	295	120	59	9	
7	20	20	44	107	294	117	58	-21	
4	19	19	43	107	294	117	61	-4	
4	18	19	43	106	294	117	60	15	
6	18	19	44	105	295	117	61	0	
7	18	19	43	105	296	117	60	8	
6	18	18	41	105	297	117	55	7	
5	18	17	39	105	297	117	57	14	
5	19	17	41	106	294	118	61	13	
9	20	17	41	108	295	118	59	-9	
9	18	17	40	108	294	117	60	6	
5	18	16	41	105	291	117	59	25	
6	19	17	42	105	293	116	58	7	
6	17	18	42	105	294	116	59	12	
7	15	18	41	106	294	118	58	28	
7	17	18	41	107	296	119	61	8	
5	15	17	39	108	297	118	61	10	
6	14	16	38	108	296	117	63	26	
6	14	17	40	107	294	120	64	30	
7	15	16	41	107	291	120	62	14	
7	16	19	39	107	293	118	62	13	
9	16	19	40	107	297	118	63	10	
11	16	17	42	107	297	120	63	-6	
11	16	17	41	107	294	117	60	-9	
10	17	19	42	108	292	117	63	4	
9	17	18	43	107	294	119	64	11	
9	16	18	41	109	294	118	64	24	
8	16	16	41	108	294	118	60	-8	
10	16	19	43	109	294	116	63	23	
8	16	20	39	109	294	116	64	27	
7	17	18	38	109	293	118	64	9	
9	18	19	42	109	297	121	64	-13	
7	17	18	45	109	297	121	62	2	
7	15	16	43	109	295	119	60	23	
11	15	18	40	110	298	119	64	27	
13	15	19	43	109	298	120	65	22	
10	15	21	43	108	295	120	65	12	
8	15	22	39	109	296	120	67	23	
9	14	19	40	110	296	120	64	12	
9	14	19	42	109	295	119	61	21	
9	14	19	40	108	297	119	60	16	
10	14	19	39	109	297	119	61	1	
11	15	19	41	111	295	119	63	12	
11	14	20	43	112	295	119	64	17	
14	13	20	43	110	295	119	64	19	
14	14	20	42	109	295	117	63	-6	
14	15	22	37	109	296	117	63	-18	
14	14	22	39	108	296	118	63	12	
11	12	19	43	110	296	118	62	13	
8	12	17	40	110	293	118	57	30	
8	13	19	39	109	293	118	60	35	
9	13	21	38	109	296	118	63	19	
12	13	21	38	109	297	116	66	19	
14	13	21	40	110	296	116	65	11	
11	13	21	40	110	296	117	62	8	
9	13	22	41	108	296	115	64	17	
9	13	22	41	108	296	115	65	12	
10	12	23	40	110	296	115	64	16	
11	12	22	40	110	296	113	63	50	
11	12	19	40	111	296	112	62	32	
11	12	20	40	111	295	114	62	9	
11	13	20	41	109	298	116	59	25	
11	13	20	41	110	298	115	61	5	
9	14	19	40	111	297	115	61	-1	
9	14	19	40	110	297	115	60	-1	
11	14	20	41	110	296	112	61	2	
12	15	20	41	111	295	112	63	22	
12	16	21	42	112	296	113	64	21	
12	15	20	42	112	300	114	63	21	
12	13	20	41	111	299	114	62	27	
11	14	20	41	111	297	117	61	18	
13	16	20	41	111	297	116	62	19	
13	16	21	42	111	297	113	62	25	
13	17	22	41	111	299	114	60	38	
12	16	21	42	110	298	115	59	27	
12	15	19	43	109	299	114	59	15	
11	17	22	43	110	297	117	62	17	
11	16	21	41	110	298	116	64	-6	
13	14	20	39	110	301	115	59	2	
12	15	19	40	110	299	115	57	12	
10	15	20	43	108	299	115	58	6	
12	14	20	42	108	299	116	60	24	
15	15	20	42	108	299	115	61	27	
17	15	19	43	108	300	113	60	16	
17	13	19	43	109	300	112	60	22	
15	13	21	42	111	302	115	66	17	
12	16	21	42	111	301	118	68	32	
12	15	20	40	111	300	118	60	7	
10	16	21	41	111	298	117	58	17	
10	15	21	42	112	299	118	61	4	
12	14	21	40	112	300	115	59	-29	
13	14	20	38	112	300	116	61	-12	
15	13	20	40	111	300	118	65	12	
14	13	21	40	109	302	119	65	16	
13	13	21	40	109	302	117	62	-19	
12	13	21	42	110	300	117	62	-21	
13	14	22	41	111	300	120	64	3	
12	14	22	41	111	300	119	63	10	
12	12	23	41	112	300	121	62	20	
12	12	23	42	112	299	121	61	9	
9	12	20	42	111	301	119	60	8	
11	12	22	42	111	301	118	62	12	
15	14	25	42	111	299	116	63	9	
12	14	22	42	112	299	117	62	11	
10	14	22	41	112	299	119	63	5	
11	13	22	41	112	299	119	67	-1	
12	12	22	40	112	300	118	69	8	
12	13	19	40	112	301	118	67	23	
