14	13	21	40	111	302	118	66	21	
14	11	22	38	110	300	119	67	10	
12	11	18	40	112	299	120	66	14	
11	11	17	42	113	299	116	62	11	
11	11	20	42	112	298	117	65	-22	
12	13	20	41	112	299	120	61	-19	
14	13	18	40	112	299	118	60	4	
14	13	19	42	114	297	117	64	11	
13	13	20	43	114	296	118	65	1	
11	13	20	41	111	296	119	66	-14	
11	15	21	40	111	297	118	67	1	
11	15	23	43	113	297	120	67	12	
11	15	22	43	114	297	120	66	19	
10	15	22	40	112	296	116	62	1	
10	15	23	41	108	292	115	63	-8	
10	15	22	40	109	295	116	66	2	
10	14	21	39	112	300	117	65	6	
11	14	21	42	112	299	121	65	10	
11	15	21	42	112	298	120	63	30	
12	16	18	38	112	299	117	58	22	
9	15	19	37	110	300	117	59	7	
8	15	21	39	111	301	118	61	4	
13	17	22	41	111	304	118	59	-7	
13	17	23	42	112	304	117	60	11	
10	18	21	41	112	300	117	60	1	
10	16	23	41	112	300	117	64	-4	
9	15	25	43	110	300	116	66	-6	
9	17	23	42	111	300	118	65	2	
10	18	22	40	111	302	117	64	9	
9	19	23	39	111	303	120	66	2	
9	18	23	39	111	301	119	61	-5	
9	19	23	39	113	302	119	60	-1	
9	20	23	39	112	302	121	64	3	
6	17	22	39	112	299	117	63	7	
6	17	22	40	112	298	115	62	-11	
8	17	23	40	112	301	116	66	-3	
9	17	23	39	114	303	118	66	19	
9	18	23	40	114	301	117	66	15	
8	18	24	41	111	301	116	66	33	
8	17	23	40	113	302	117	66	27	
5	18	23	40	115	301	121	65	24	
5	19	25	41	115	299	122	67	14	
4	19	23	41	114	300	120	66	18	
4	19	22	40	112	299	118	63	23	
6	20	22	41	112	297	118	63	19	
8	20	22	43	115	299	120	65	13	
7	21	23	41	115	300	122	67	36	
6	22	23	41	113	300	124	67	15	
6	21	23	42	113	301	123	63	14	
6	21	23	41	113	300	121	62	27	
7	21	24	42	113	297	120	63	10	
8	20	24	43	114	299	118	65	20	
5	19	20	43	114	300	117	62	12	
5	20	21	42	114	302	118	61	14	
5	19	22	42	114	303	118	62	20	
7	19	20	42	112	302	119	66	30	
8	21	21	43	112	302	119	68	1	
6	21	21	43	114	299	120	63	-9	
4	19	21	43	114	297	119	63	0	
6	19	21	41	113	298	120	66	32	
8	20	21	40	115	302	118	67	16	
8	20	21	43	115	301	115	68	8	
9	20	21	43	113	302	117	67	6	
10	20	21	42	113	303	119	64	4	
10	18	22	43	116	303	119	63	60	
11	18	20	42	117	304	118	60	21	
12	19	20	41	117	304	118	60	3	
9	19	21	43	117	302	117	59	-6	
7	17	20	45	116	302	116	57	-25	
8	16	21	44	116	302	117	63	-24	
8	18	23	42	119	302	118	62	-2	
8	18	22	42	119	302	118	63	-1	
9	18	21	43	118	302	120	60	-14	
9	18	20	43	118	301	122	57	-17	
7	19	21	43	118	301	121	58	-4	
8	19	22	43	116	303	120	60	14	
7	17	21	43	116	303	118	61	16	
7	17	20	43	116	304	118	59	11	
8	19	19	43	117	303	120	56	6	
8	19	17	44	117	302	120	59	6	
7	19	19	43	116	301	120	59	12	
6	19	21	42	116	300	121	56	4	
6	17	19	42	118	302	120	57	5	
7	18	19	44	120	302	121	61	15	
9	20	21	46	117	301	122	61	11	
7	19	20	45	114	300	120	60	6	
8	18	20	44	114	300	120	61	-29	
9	20	20	44	114	302	120	59	-6	
12	21	20	43	116	304	120	61	10	
10	21	21	43	117	304	120	63	23	
10	21	23	46	116	301	120	59	16	
12	21	23	46	115	301	119	57	17	
11	21	18	43	116	301	118	57	10	
11	22	18	43	116	301	118	59	0	
11	22	19	46	116	303	119	64	1	
10	22	19	46	115	302	120	63	-2	
10	22	19	44	116	302	120	61	10	
12	23	20	45	116	303	119	59	12	
11	20	20	45	114	303	116	57	1	
12	19	18	46	114	303	117	55	32	
12	22	20	47	114	303	119	61	54	
11	23	22	47	113	301	118	61	15	
14	24	23	46	113	302	118	57	1	
14	20	22	45	113	302	118	61	4	
14	18	18	45	113	302	115	57	3	
14	19	18	44	114	305	116	56	1	
11	21	19	46	114	300	116	55	8	
13	21	19	49	113	299	114	54	6	
14	21	20	46	113	301	115	56	-24	
14	22	20	44	113	301	115	55	-32	
17	23	20	47	115	299	114	56	-6	
17	23	20	47	116	303	119	57	17	
14	21	20	47	116	303	122	58	29	
15	21	20	48	116	301	121	59	15	
17	23	21	49	116	301	120	58	-2	
17	24	21	47	114	301	119	56	3	
16	23	21	46	115	301	119	58	11	
12	22	21	51	114	301	120	58	34	
12	22	21	51	115	301	120	53	22	
11	22	21	48	115	300	120	53	2	
12	20	20	46	114	298	107	51	4	
14	20	20	42	110	288	86	41	0	
13	22	21	41	108	283	76	37	-3	
13	22	21	41	100	270	34	21	-8	
10	21	18	39	95	260	8	0	-15	
11	20	15	37	88	240	-39	-9	-21	
11	20	15	35	85	225	-79	-24	-28	
11	20	15	32	80	218	-97	-32	-25	
10	20	13	31	78	209	-124	-44	-28	
8	18	14	31	77	204	-137	-47	-35	
9	18	15	31	73	197	-153	-51	-41	
9	22	15	32	72	195	-158	-55	-41	
14	23	12	31	71	195	-159	-57	-37	
14	21	13	31	72	196	-161	-55	-37	
12	20	14	30	72	196	-162	-56	-37	
12	21	14	30	72	196	-165	-57	-30	
12	20	14	32	73	196	-165	-57	-29	
13	19	12	32	73	193	-166	-58	-33	
13	19	13	31	73	190	-171	-60	-33	
13	21	14	31	72	191	-172	-58	-45	
13	22	12	30	71	190	-173	-58	-45	
12	23	13	30	72	189	-175	-59	-30	
12	23	14	30	72	187	-177	-59	-32	
15	23	14	28	73	189	-179	-60	-37	
15	22	13	27	74	189	-175	-63	-38	
11	18	13	27	73	189	-175	-61	-41	
11	18	14	24	72	188	-175	-61	-38	
12	20	14	24	72	189	-173	-61	-39	
13	20	15	31	72	192	-171	-61	-31	
13	19	16	31	73	195	-165	-59	-32	
10	20	15	30	74	195	-160	-57	-36	
10	22	14	30	75	197	-150	-54	-32	
11	20	15	30	75	201	-142	-52	-35	
12	19	16	29	76	205	-137	-50	-42	
14	20	16	29	81	212	-114	-40	-27	
15	20	16	32	84	215	-99	-33	-22	
15	22	16	34	88	231	-60	-20	-20	
15	24	15	34	90	243	-33	0	-13	
14	26	16	40	98	268	27	11	-10	
15	25	18	42	104	284	87	39	1	
14	24	18	44	118	306	109	49	5	
11	24	18	44	120	309	123	55	32	
13	23	20	44	117	312	121	56	38	
14	22	18	44	117	311	121	56	19	
12	23	19	44	117	308	118	57	10	
12	23	19	44	117	306	0	0	0	
-9	-16	-15	-32	-86	-234	-94	-48	24	
0	-13	-7	-9	-34	-98	201	67	35	
-13	-10	-6	-9	-32	-96	220	75	36	
-14	-9	-6	-9	-30	-91	227	77	39	
-10	-12	-9	-10	-29	-85	234	80	35	
-8	-11	-8	-10	-29	-83	237	82	45	
-7	-12	-5	-8	-27	-83	241	84	49	
-7	-14	-6	-8	-28	-83	240	83	39	
-7	-10	-9	-8	-28	-83	243	81	34	
-10	-11	-10	-9	-31	-86	235	81	41	
-11	-11	-10	-9	-33	-89	223	75	43	
-9	-11	-8	-11	-35	-96	202	72	40	
-9	-13	-8	-12	-37	-112	173	64	36	
-11	-14	-9	-14	-40	-119	155	56	33	
-8	-3	-3	-7	-14	-54	41	20	6	
-6	-2	-2	-5	-11	-49	52	26	15	
-6	-2	-2	-1	-4	-32	74	37	22	
-4	-2	0	0	0	-20	87	44	23	
-3	0	0	1	2	-4	117	54	27	
-3	0	0	1	5	2	140	59	33	
-3	0	0	2	8	5	147	62	32	
-3	1	0	3	12	13	158	67	32	
0	1	1	4	12	15	163	69	28	
0	1	1	4	12	15	165	70	30	
-1	1	-1	4	12	15	164	68	33	
-1	1	-2	5	12	13	162	66	31	
-1	-1	-2	5	12	10	159	66	34	
-1	-1	-3	3	10	7	155	64	38	
-1	0	-2	5	10	3	148	63	33	
0	0	-3	5	10	3	146	59	32	
0	0	-5	4	6	1	139	55	31	
0	0	-5	4	5	-1	133	54	30	
0	-1	-4	1	5	-8	126	52	24	
-2	0	-4	0	5	-17	115	46	27	
-3	0	-3	0	4	-19	108	44	25	
-2	0	-1	-1	-3	-31	87	34	18	
-1	1	-2	0	-2	-22	53	27	20	
-2	3	-1	0	0	-11	72	35	21	
-2	3	0	0	7	8	113	55	32	
-1	3	0	1	10	17	135	64	36	
-1	2	0	2	12	34	170	79	33	
-2	1	0	4	19	40	185	87	35	
-2	1	0	5	22	47	205	98	39	
-2	2	1	5	24	56	212	101	40	
-2	2	1	5	25	58	219	105	45	
-2	3	2	6	24	56	226	106	42	
-2	4	2	7	23	56	226	108	38	
0	3	0	8	27	62	229	110	42	
0	3	0	8	27	61	230	109	51	
1	3	1	9	25	58	226	107	48	
2	3	1	9	24	56	219	105	41	
0	3	1	7	23	56	219	105	33	
0	3	1	7	23	54	217	100	35	
0	2	0	8	23	54	214	99	40	
0	2	0	8	23	52	209	96	35	
0	1	1	8	22	51	206	96	38	
0	1	2	8	22	51	200	96	38	
0	2	0	8	20	49	194	89	36	
-4	2	-1	7	19	44	189	87	35	
-3	2	1	7	17	35	177	83	34	
1	2	1	7	17	38	172	79	33	
-1	1	-2	4	17	33	166	76	33	
-2	2	-1	4	15	24	151	70	32	
0	1	0	4	13	22	144	68	25	
0	1	0	3	8	11	127	59	21	
0	1	0	3	6	0	0	0	0	
0	3	-1	0	-2	-18	27	18	7	
0	4	0	0	3	0	68	39	17	
0	2	0	5	7	10	91	50	18	
1	3	0	8	14	29	136	71	20	
0	4	0	7	16	35	168	90	31	
1	5	-2	8	22	52	184	95	37	
3	6	-1	10	26	59	206	107	42	
3	6	1	13	31	63	213	115	46	
3	6	2	14	31	66	218	119	49	
1	4	3	11	31	70	224	121	48	
1	4	4	12	33	70	226	126	53	
2	7	4	15	34	71	227	125	58	
2	7	1	14	32	71	225	118	57	
1	6	0	14	32	68	224	118	54	
1	6	0	12	32	67	219	115	49	
0	5	0	11	29	66	216	113	49	
0	5	0	11	28	64	214	114	52	
0	4	0	10	28	60	209	114	49	
1	4	1	11	28	59	207	112	49	
2	6	-3	9	27	57	203	107	44	
3	7	-4	9	26	59	202	106	46	
2	4	-3	8	26	55	197	106	44	
0	2	-3	5	26	48	189	102	44	
2	4	-2	7	25	47	185	98	39	
1	4	-2	7	24	47	180	97	40	
0	4	-3	7	24	47	177	96	40	
0	4	-2	7	23	46	167	92	39	
-1	4	-3	4	20	40	154	85	33	
-1	3	-3	2	19	33	144	72	30	
-3	3	-2	4	13	19	119	63	30	
5	-1	9	2	9	24	10	7	20	
6	-3	7	2	11	24	10	4	-3	
5	-1	7	4	11	20	6	0	-5	
2	0	8	3	9	13	-4	-8	6	
-2	6	-3	7	21	63	185	122	61	
-1	6	-1	9	22	64	189	124	55	
0	8	-1	8	24	68	190	125	47	
0	8	-2	8	24	68	196	124	47	
-2	9	-1	10	23	69	199	127	52	
-2	9	-1	10	22	70	203	132	60	
-1	7	-1	7	22	72	204	134	53	
-1	6	-2	6	23	73	203	135	46	
0	7	-1	4	21	73	206	135	47	
0	7	0	6	21	74	208	136	56	
0	5	0	8	22	75	208	136	58	
0	5	-1	9	23	74	209	135	52	
-2	7	-1	7	24	71	209	133	54	
-3	6	-1	6	23	72	210	136	58	
-3	5	-3	6	22	72	208	137	54	
-1	5	-4	5	23	71	206	133	48	
0	6	-3	8	23	71	205	131	49	
0	6	0	8	23	71	200	127	47	
-1	8	0	6	23	71	200	126	43	
-2	6	-4	6	21	66	193	125	45	
-1	4	-4	9	21	64	186	122	45	
1	7	-2	9	19	62	180	113	40	
-1	7	-4	6	19	58	172	109	38	
-4	4	-6	6	18	54	167	107	38	
-3	4	-5	4	16	46	148	96	38	
-3	6	-2	5	14	41	136	79	32	
0	0	-1	0	-9	-18	-10	-7	16	
2	6	0	-2	-7	-16	-10	-4	5	
0	4	0	-2	-7	-16	-11	-4	-11	
0	6	-1	-1	-7	-18	-11	-3	5	
0	6	0	-1	-7	-17	-9	0	6	
-1	7	0	-1	-6	-18	-10	-1	-7	
0	8	-1	0	-6	-18	-10	-4	-7	
1	5	-1	0	-6	-16	-7	-4	-4	
1	5	-1	0	-7	-18	-7	-6	-9	
0	5	-4	0	-7	-18	-7	-10	0	
0	4	0	8	12	39	117	97	55	
1	4	0	8	13	46	137	109	45	
0	4	0	7	13	49	147	114	44	
0	5	0	5	15	53	155	120	44	
2	6	1	3	16	53	159	121	42	
1	5	1	4	16	53	165	123	47	
3	5	1	9	18	57	165	125	49	
3	6	2	9	17	57	164	126	41	
5	6	1	9	17	56	165	128	51	
3	7	0	9	17	52	166	127	56	
2	6	1	10	17	52	165	125	49	
5	6	1	11	16	54	164	125	41	
6	7	3	11	16	54	163	123	44	
6	7	3	11	17	54	161	122	55	
2	7	0	10	14	51	159	118	47	
0	7	0	10	14	50	157	115	46	
0	8	0	11	15	50	157	115	48	
0	8	0	11	15	48	153	111	47	
0	8	2	12	15	49	152	111	47	
0	8	0	12	12	47	146	108	42	
2	9	0	12	11	47	141	106	41	
2	8	1	10	11	47	140	106	51	
0	8	0	12	11	46	139	106	55	
1	9	0	13	9	44	132	102	44	
-2	6	-2	11	9	42	123	99	40	
-4	4	-2	10	6	36	102	86	34	
-4	4	-2	8	2	23	89	76	34	
0	0	0	0	0	0	12	6	27	
1	-4	2	-2	9	17	11	3	0	
2	-5	2	-2	10	18	11	0	-25	
4	-5	2	-3	12	19	13	1	-20	
5	-4	3	-2	13	20	11	1	-5	
3	-4	3	-1	12	20	12	1	22	
3	-4	2	-1	11	20	12	2	-6	
3	-3	4	-1	11	20	10	0	-30	
5	-2	4	-1	10	20	10	0	5	
5	-1	4	-2	10	19	16	1	0	
2	-2	5	-2	11	19	15	0	-2	
1	-6	4	-3	12	19	11	1	-12	
1	-6	1	-3	12	18	13	1	-10	
1	-6	2	-2	12	17	14	0	7	
0	-5	5	0	12	18	14	2	27	
1	-3	5	0	13	18	13	0	17	
1	-3	5	-3	10	14	6	-3	1	
0	-2	3	-4	9	13	2	-11	0	
0	-2	3	-3	0	0	0	0	0	
1	-1	2	0	12	29	26	15	17	
3	0	2	1	14	33	34	25	29	
0	0	3	1	13	31	32	25	30	
1	-1	2	2	13	31	32	24	32	
2	-1	2	2	13	32	32	23	25	
1	0	3	3	13	32	29	26	27	
1	0	4	3	12	32	28	24	16	
1	0	5	0	11	32	30	22	17	
1	0	5	1	11	32	31	24	22	
0	1	4	1	11	31	30	27	7	
1	0	4	0	12	31	30	24	-6	
0	0	5	0	13	34	30	23	18	
3	1	7	0	14	37	32	27	25	
6	1	5	0	14	38	31	27	22	
6	1	4	1	15	35	30	25	35	
2	0	5	-1	14	33	32	24	31	
1	0	5	-2	12	33	33	23	15	
1	0	2	0	12	34	31	23	26	
1	0	3	0	13	33	30	21	15	
1	0	6	0	13	29	30	21	13	
2	0	3	0	13	31	32	24	30	
1	0	3	0	11	32	32	25	19	
1	0	2	0	11	32	32	25	21	
2	0	2	0	12	33	31	25	19	
3	-1	2	0	10	33	30	26	25	
3	-1	2	0	9	32	31	24	29	
3	1	3	0	10	33	35	25	26	
2	0	2	0	9	30	28	22	30	
1	-3	1	0	8	25	15	14	25	
0	0	0	0	11	30	26	18	28	
3	1	2	2	14	33	34	28	28	
3	1	3	2	17	33	38	33	11	
1	0	2	2	17	33	39	34	14	
1	0	3	2	16	37	40	37	25	
2	0	3	3	17	38	40	35	32	
1	1	5	2	16	38	37	38	17	
1	1	4	0	17	38	38	37	4	
2	0	4	0	17	36	37	36	24	
3	1	7	2	17	36	38	35	35	
3	2	8	0	16	36	38	36	36	
3	2	6	0	15	37	37	33	32	
3	2	6	2	16	36	39	35	25	
6	4	6	2	16	39	39	36	29	
3	4	4	1	16	39	38	33	7	
3	3	2	1	16	37	38	32	17	
6	4	2	1	15	39	39	33	18	
2	5	4	1	15	38	41	36	13	
2	5	5	1	15	35	41	37	27	
5	4	5	1	16	35	40	37	15	
4	4	4	3	15	36	38	34	23	
0	4	3	5	15	36	38	33	35	
1	5	3	5	17	37	39	32	25	
2	5	3	5	18	37	38	35	28	
0	5	3	4	16	34	38	33	30	
1	6	6	3	16	34	39	33	30	
2	5	6	4	17	33	32	30	28	
3	4	3	6	16	33	22	26	23	
5	6	4	6	14	25	-2	13	25	
4	6	2	1	10	13	-21	3	23	
0	0	0	0	0	37	21	30	18	
2	7	0	4	23	41	38	40	20	
0	7	2	4	26	48	55	55	29	
0	7	4	6	24	50	56	55	27	
0	6	2	5	24	50	59	54	47	
-1	5	0	5	25	49	59	57	47	
0	6	0	5	25	48	56	57	20	
2	7	0	6	25	49	58	57	31	
2	7	0	6	24	49	58	56	44	
0	7	0	4	24	49	58	51	39	
0	6	0	5	23	49	58	50	43	
0	7	0	2	23	50	58	53	41	
1	8	0	3	25	51	57	55	38	
3	8	3	5	24	52	56	58	42	
3	7	4	4	24	50	59	56	64	
-1	7	0	6	24	47	59	53	41	
0	7	3	5	23	48	57	55	34	
0	3	3	3	24	48	57	56	11	
1	2	3	3	24	48	58	53	25	
2	7	0	4	21	48	59	54	37	
1	7	1	4	22	48	59	55	20	
0	8	5	5	24	44	59	58	46	
2	8	5	6	23	44	59	55	34	
1	6	3	3	23	45	53	50	17	
2	6	3	3	22	44	48	50	31	
2	5	7	2	20	41	34	50	25	
0	6	6	0	18	32	9	37	15	
-1	2	3	4	31	55	68	62	30	
0	2	8	5	32	54	72	68	37	
0	1	7	5	32	55	73	69	51	
0	2	3	6	32	57	73	68	65	
0	3	3	7	32	58	71	67	54	
0	2	2	7	32	58	70	67	32	
-2	0	2	5	31	56	70	70	23	
-1	1	4	5	32	57	71	68	21	
0	1	4	5	30	57	71	65	25	
0	2	4	5	30	57	69	66	23	
0	5	3	4	32	56	72	68	36	
0	5	3	4	32	58	72	65	59	
-1	4	5	7	32	59	72	63	55	
-2	3	5	5	31	58	72	63	39	
-2	2	6	5	31	58	69	64	36	
-2	2	7	7	31	57	70	65	40	
-3	0	4	4	31	56	70	65	45	
-3	0	3	4	33	55	68	66	57	
-2	1	6	8	33	56	70	67	56	
-2	2	6	8	33	58	71	67	45	
-2	5	5	6	33	58	71	64	39	
-3	3	4	6	32	56	70	61	32	
-3	2	3	5	33	56	69	63	15	
-1	2	4	6	33	58	70	66	35	
-1	1	4	6	30	55	68	64	30	
-1	2	4	6	31	54	66	66	42	
-3	4	3	8	33	55	67	69	53	
-4	4	3	7	33	54	70	64	28	
-2	3	2	0	32	56	70	65	25	
0	3	2	1	28	51	57	63	33	
-4	4	5	6	26	42	42	55	29	
-5	4	5	2	21	27	5	38	19	
0	0	0	2	24	39	26	45	27	
-1	2	3	4	29	47	49	53	29	
0	2	4	6	33	59	75	67	36	
0	3	3	6	33	60	78	68	37	
-1	3	3	6	35	60	76	67	8	
-1	3	5	5	34	61	75	68	5	
-1	3	5	6	33	61	76	66	29	
-1	0	2	7	33	60	75	65	36	
0	0	2	6	35	60	75	65	20	
0	1	2	5	35	59	76	65	7	
0	1	3	5	34	57	75	67	33	
3	1	5	6	35	58	75	70	45	
2	0	6	5	35	59	75	71	41	
-1	0	4	1	35	58	75	71	58	
0	0	1	3	35	59	76	73	53	
0	0	1	6	34	61	76	69	50	
-1	0	2	2	34	60	76	68	36	
-1	0	2	2	34	59	75	67	51	
0	0	1	3	33	59	74	64	37	
-3	0	0	2	33	59	74	68	35	
-3	-1	1	4	33	59	74	69	41	
-1	-1	1	6	34	59	76	67	29	
-2	-2	0	6	34	60	77	69	59	
-2	-3	2	4	34	60	77	69	67	
-2	-1	2	3	34	57	67	64	31	
-4	0	0	5	31	52	56	58	28	
-5	0	0	5	28	42	32	47	22	
-3	-4	0	4	26	35	13	37	9	
-1	-1	0	6	28	51	73	59	24	
-1	0	0	4	32	62	83	69	29	
-1	0	2	7	32	62	84	70	35	
-1	0	4	9	33	62	84	70	37	
-1	2	2	8	33	62	84	71	17	
0	0	2	8	34	62	83	66	-8	
0	0	2	7	35	62	82	64	30	
0	0	4	7	34	62	81	67	49	
-1	0	4	7	33	61	81	69	37	
-2	-1	2	7	33	60	81	69	60	
-1	0	3	8	35	60	82	67	52	
-1	0	2	5	35	59	82	65	28	
-2	0	1	5	33	57	82	65	36	
-1	1	2	10	32	57	80	63	38	
-1	0	1	10	33	58	79	65	28	
-2	-1	1	7	34	58	80	69	31	
-2	-1	3	7	37	60	82	66	36	
-2	-1	2	7	37	61	83	67	41	
-2	-1	2	7	36	61	82	72	43	
-3	1	3	7	35	60	85	70	29	
-3	1	3	8	35	60	86	67	40	
-1	0	6	9	36	61	83	68	45	
-1	0	8	6	35	56	75	62	32	
-2	0	4	5	33	51	66	53	30	
-3	-3	2	2	30	39	45	51	33	
-1	-3	2	0	29	27	20	40	26	
0	0	1	5	18	34	29	37	11	
0	-1	4	6	21	46	51	58	29	
-1	0	5	5	29	62	92	67	34	
-1	0	6	6	32	68	106	75	40	
-1	0	6	9	32	70	105	74	42	
-2	0	6	8	32	69	106	74	38	
-2	0	6	8	32	69	106	74	42	
-2	2	2	8	32	69	106	72	43	
-2	0	1	8	30	69	107	69	49	
-5	-2	3	7	30	68	107	72	51	
-4	-1	4	7	30	68	108	75	37	
-4	0	7	8	31	68	108	73	37	
-4	0	6	7	32	68	109	74	41	
0	0	6	7	32	71	110	75	0	
0	-1	6	6	32	70	108	73	10	
-1	0	6	6	31	71	108	74	40	
-2	0	6	8	30	71	109	75	48	
-1	-1	6	8	33	73	109	76	68	
0	0	7	5	34	74	109	75	54	
0	1	7	4	34	71	109	74	30	
0	2	7	5	33	71	109	71	33	
1	0	7	5	33	67	101	70	40	
0	-1	6	5	31	57	78	59	34	
-4	0	4	1	25	50	63	51	23	
0	0	0	0	0	32	26	30	17	
-3	0	6	0	25	42	53	44	27	
-3	1	8	3	34	64	103	70	37	
-3	1	8	5	36	72	118	77	36	
-3	0	9	7	36	72	123	82	42	
1	0	10	8	36	72	122	83	47	
0	0	8	7	35	73	123	84	49	
0	1	8	6	34	73	122	83	55	
0	3	10	7	34	72	121	83	44	
0	3	10	7	34	72	123	83	30	
1	2	12	7	33	73	123	81	38	
2	2	10	7	33	76	123	78	23	
2	2	5	8	34	76	125	78	44	
1	2	3	5	33	75	126	78	46	
0	1	8	3	35	73	126	82	34	
1	2	10	4	34	72	124	80	10	
0	3	9	7	34	72	126	79	9	
-1	0	9	5	36	74	126	82	36	
-3	0	9	4	36	75	125	84	38	
-4	0	9	4	36	74	127	83	10	
-3	-1	9	4	36	75	127	85	21	
-2	-1	8	4	37	75	127	84	51	
-2	0	8	6	36	75	125	83	46	
-2	1	8	8	35	74	124	82	35	
-2	1	10	9	35	74	124	82	11	
-3	0	10	5	34	76	124	81	15	
-3	0	10	6	34	74	121	80	33	
-3	0	8	6	34	74	116	69	31	
-3	1	8	6	33	67	98	62	30	
-1	2	11	6	30	53	71	45	28	
2	3	5	3	16	38	33	24	20	
3	4	6	6	23	58	83	52	30	
3	3	4	6	28	69	108	68	30	
3	3	4	7	34	82	135	92	49	
1	2	4	8	34	82	135	92	40	
1	2	6	7	32	82	133	87	41	
3	4	7	7	33	83	135	87	33	
5	4	5	8	34	84	136	88	33	
6	4	4	9	33	83	135	89	33	
3	3	5	9	35	82	136	89	36	
2	3	5	8	34	82	136	89	40	
2	4	5	8	34	82	135	89	54	
0	6	6	8	35	83	135	89	52	
-1	6	6	8	34	80	135	89	54	
0	6	3	7	31	79	135	86	47	
1	6	3	7	31	82	135	89	35	
1	7	5	9	33	82	135	86	48	
2	7	5	9	33	79	135	85	41	
2	8	6	10	33	77	133	88	23	
2	9	7	10	33	76	133	90	42	
0	8	5	8	33	78	135	88	57	
0	8	3	6	34	78	135	87	45	
0	6	2	8	34	77	134	86	38	
0	5	3	9	34	76	134	86	47	
-1	5	0	6	35	77	137	87	37	
-1	6	0	6	35	77	137	90	46	
0	8	3	6	34	77	135	90	50	
1	8	2	7	33	74	126	79	37	
0	8	2	10	33	68	119	68	38	
0	6	2	9	29	60	98	49	30	
2	3	0	5	28	57	85	40	17	
2	2	1	3	17	33	31	3	10	
2	2	0	3	19	38	46	15	17	
3	4	4	4	25	57	86	47	38	
3	4	6	5	28	66	106	61	41	
3	5	5	9	30	78	136	86	47	
3	5	5	8	30	80	142	91	45	
2	4	7	7	33	79	140	89	64	
3	4	6	10	31	77	138	88	39	
5	3	5	10	29	77	138	91	41	
5	3	6	9	32	79	140	93	48	
4	3	6	7	32	80	139	91	59	
3	3	6	8	32	79	136	92	62	
3	3	5	7	32	79	136	90	34	
2	4	4	7	32	81	139	90	41	
2	5	4	9	35	81	141	92	48	
2	5	6	8	35	79	141	91	28	
2	3	5	8	34	79	143	92	42	
1	1	5	6	34	80	143	94	63	
1	2	5	6	34	81	142	95	43	
0	5	5	8	34	80	144	94	56	
1	5	6	7	35	80	139	94	59	
3	4	6	9	34	80	137	93	49	
3	4	5	9	33	80	141	93	53	
2	4	6	9	34	80	141	93	48	
0	4	6	9	34	80	141	92	50	
0	3	6	6	34	81	141	93	52	
0	2	5	5	33	81	139	95	45	
3	5	5	7	33	81	139	95	48	
3	8	6	7	33	80	140	95	46	
1	8	6	8	32	78	137	90	37	
0	7	5	8	30	74	128	84	34	
0	7	3	8	25	65	107	61	32	
0	7	4	9	23	58	97	53	31	
0	5	5	7	21	49	72	38	22	
-2	4	4	0	11	28	27	10	5	
-3	2	6	1	19	45	63	38	18	
-1	1	6	3	19	54	80	51	25	
0	3	6	4	21	68	117	74	25	
-2	3	9	6	25	74	133	85	26	
-2	5	8	8	27	78	149	99	36	
-2	5	6	7	27	78	150	101	50	
0	5	7	7	27	79	147	97	45	
0	5	7	7	27	78	146	94	31	
-2	5	5	9	27	77	146	95	38	
-1	5	4	10	28	78	147	95	47	
0	3	7	10	28	78	146	99	46	
0	3	9	10	30	78	146	97	52	
0	4	7	11	30	77	146	95	54	
-2	4	7	12	30	77	145	99	52	
-3	4	7	10	29	77	148	100	45	
-3	3	6	9	29	77	149	101	50	
-2	3	6	9	30	77	149	95	28	
-2	4	6	6	30	76	147	95	21	
-3	4	4	6	30	74	147	97	37	
-3	3	4	8	29	75	147	98	49	
0	4	5	9	28	76	147	98	30	
0	6	5	9	28	76	147	98	38	
-1	4	5	8	30	74	146	93	44	
-1	4	6	7	30	64	124	84	36	
0	4	6	5	23	57	108	77	34	
0	3	5	5	0	0	0	0	0	
-1	0	1	0	11	30	25	40	23	
-1	-1	1	1	16	49	69	60	33	
0	0	1	4	24	69	112	81	41	
-1	3	4	6	30	82	140	100	44	
-1	2	0	8	30	83	143	99	40	
-1	2	1	9	30	83	145	100	52	
-1	2	1	5	33	85	147	103	43	
-2	0	-1	6	32	85	147	101	39	
-1	0	-1	7	32	85	146	100	66	
0	2	-1	4	32	81	144	99	57	
0	2	-1	4	32	81	143	99	32	
1	4	2	7	31	83	145	100	36	
2	6	4	8	29	82	145	98	47	
3	6	4	8	29	82	144	100	31	
2	2	4	10	29	81	144	101	32	
3	1	3	10	30	83	145	100	45	
2	3	2	9	30	82	147	102	56	
2	3	3	8	29	83	148	102	44	
5	4	4	7	27	87	148	99	43	
5	6	4	7	29	87	148	98	65	
8	7	3	9	29	87	148	99	37	
11	7	2	9	28	87	148	99	37	
5	4	4	8	29	84	148	98	34	
4	2	4	9	29	84	150	98	41	
8	5	3	11	29	82	145	97	46	
8	5	1	9	29	77	133	91	36	
6	3	-1	3	20	62	103	76	36	
6	2	-1	2	14	50	0	0	0	
3	-1	-1	2	13	33	46	47	22	
2	0	0	5	19	48	76	59	26	
2	0	1	6	31	77	125	86	32	
2	0	2	7	34	88	139	97	42	
2	1	2	10	36	91	147	99	42	
4	4	3	11	35	91	148	94	32	
6	3	2	9	34	90	147	94	21	
5	0	-1	7	34	89	144	92	25	
4	2	-2	9	34	90	143	95	45	
3	2	1	10	34	89	144	97	37	
3	1	1	8	34	89	146	94	54	
3	1	0	8	34	89	145	94	74	
3	0	0	8	34	86	145	97	39	
5	0	0	9	34	88	146	97	31	
5	1	0	9	34	90	146	98	48	
1	0	0	9	33	86	145	97	43	
1	0	0	6	34	88	145	95	15	
1	1	0	6	35	88	146	97	25	
3	1	0	8	34	88	145	99	30	
3	0	0	6	33	88	146	96	44	
0	0	-1	6	33	89	145	96	54	
1	-1	-2	5	33	92	144	97	35	
3	-1	-2	5	34	92	144	97	33	
2	-1	-2	7	33	93	144	101	57	
1	-1	-2	6	32	93	144	99	39	
2	-3	-1	5	31	87	140	93	14	
3	-3	-1	6	29	77	122	87	31	
4	-1	-2	6	28	75	107	84	30	
3	-1	-4	2	22	62	78	74	19	
2	-2	-4	1	19	56	58	66	21	
3	-2	-5	0	15	47	51	62	21	
1	-1	-5	0	10	34	32	52	18	
1	-2	-2	1	21	54	59	63	21	
2	-2	-3	3	26	66	86	70	21	
2	-1	-3	7	36	87	130	89	31	
2	-1	-2	8	37	92	150	97	28	
2	0	0	9	41	94	150	99	35	
1	0	0	9	39	95	149	100	41	
1	-1	0	9	39	97	150	100	32	
2	-1	0	8	40	97	149	99	22	
2	-1	-1	7	41	96	150	99	12	
1	-2	3	8	42	95	152	98	26	
3	-2	4	9	41	95	152	102	46	
3	-1	2	7	41	95	151	101	65	
0	-1	2	6	41	92	150	101	55	
0	-2	2	8	41	93	151	100	30	
2	-1	4	8	42	94	152	102	28	
1	-1	3	8	42	93	150	99	22	
0	-1	1	8	41	93	149	96	30	
0	0	1	7	41	93	149	99	22	
-1	-1	1	7	40	93	149	99	19	
-1	0	1	7	40	94	149	99	36	
0	0	1	7	41	94	149	98	55	
0	-1	1	6	41	93	148	92	30	
0	-1	1	7	41	93	148	94	31	
0	-2	1	7	40	92	148	103	22	
0	-2	0	5	40	92	148	103	34	
0	-2	0	7	41	95	153	100	33	
0	-2	0	7	41	93	150	99	21	
0	-2	0	5	40	87	139	92	27	
0	-1	0	5	38	76	114	83	29	
0	-2	0	4	32	70	100	81	29	
0	-3	0	3	30	0	0	0	0	
0	0	-1	2	18	38	19	53	18	
1	0	-1	5	29	65	78	63	22	
0	0	-1	7	38	89	132	87	43	
-2	0	0	9	41	95	149	92	45	
-1	0	0	10	43	98	157	97	32	
-2	0	0	10	42	97	158	99	36	
0	2	0	11	42	98	158	99	29	
1	2	0	11	42	100	157	100	19	
6	1	1	10	41	103	156	102	35	
8	0	1	11	42	103	157	101	42	
1	-1	1	11	42	99	159	101	61	
1	0	1	11	42	100	159	99	67	
0	-1	1	8	43	98	159	99	53	
1	-2	0	8	42	98	159	99	36	
1	-1	0	10	41	98	159	98	35	
2	-1	0	11	42	98	160	98	34	
1	-2	0	11	42	97	158	97	24	
-2	-3	3	12	42	95	158	98	29	
-2	-2	2	11	44	97	160	100	35	
0	0	2	10	43	96	154	98	34	
0	-1	1	7	38	86	126	82	32	
1	-1	0	7	36	80	104	73	24	
1	-1	0	8	34	71	95	67	22	
-3	-3	0	7	23	46	35	38	22	
-3	-1	0	8	26	58	64	49	26	
0	0	0	8	34	81	119	77	31	
-1	-1	0	11	39	90	142	88	33	
-1	-2	0	15	43	100	166	102	35	
2	-2	0	15	43	102	167	106	54	
3	-1	2	16	43	102	166	105	58	
4	0	3	16	43	103	166	104	47	
3	-1	1	13	45	103	167	107	56	
0	-3	1	13	45	101	167	108	45	
0	-2	1	16	43	102	167	105	35	
0	-3	1	16	41	100	166	103	44	
1	0	3	15	41	101	166	104	36	
2	0	2	16	40	100	165	105	30	
1	0	2	18	40	99	164	105	32	
2	0	5	16	40	97	164	104	58	
2	0	5	16	40	98	166	101	40	
0	0	5	20	41	100	168	102	60	
0	0	6	17	41	100	166	104	57	
0	-1	4	13	42	100	163	103	34	
0	-1	3	13	41	100	167	102	36	
1	1	4	14	40	100	171	103	40	
0	2	5	13	41	100	171	100	15	
0	0	4	13	42	100	169	99	14	
2	0	3	13	43	101	169	106	41	
0	0	2	13	45	101	167	106	48	
2	0	0	14	42	94	152	93	27	
2	0	0	12	38	87	140	84	19	
0	-2	-2	8	34	75	113	62	17	
-1	-3	-2	5	32	69	98	0	0	
0	0	1	-1	18	35	21	6	-3	
0	0	0	0	23	50	58	30	9	
-1	0	0	3	26	60	78	56	24	
-2	1	0	7	36	76	121	70	25	
-5	1	0	12	44	90	156	96	41	
-5	1	2	15	43	95	164	102	48	
-2	3	3	12	43	98	170	106	45	
0	3	1	9	43	98	172	107	62	
0	1	1	10	42	97	171	103	44	
-1	0	3	11	40	95	171	103	36	
0	3	4	13	41	97	170	105	63	
0	3	2	12	44	98	170	104	46	
-1	2	2	10	45	99	170	108	23	
-2	2	2	10	45	99	170	108	43	
-3	4	0	9	43	95	172	107	63	
-3	5	0	9	40	95	173	107	46	
-3	4	0	10	42	95	173	107	51	
-4	3	0	11	44	93	172	103	63	
-4	3	0	12	44	92	172	101	40	
-2	3	0	12	44	94	171	106	37	
-2	4	0	11	42	97	173	109	51	
-4	4	0	11	41	98	174	109	28	
-3	4	0	12	42	98	173	110	50	
-1	4	0	13	43	99	174	109	63	
-2	5	0	11	43	97	176	106	47	
-2	3	0	10	41	95	173	106	61	
-2	2	0	12	41	94	165	106	65	
0	4	0	12	40	92	159	102	46	
0	4	0	12	37	85	139	92	37	
0	2	-1	11	35	82	129	87	36	
0	3	-1	8	35	75	115	83	33	
0	4	0	10	36	73	109	82	41	
-1	3	-4	8	33	73	107	79	41	
-2	3	-5	5	32	72	105	76	37	
-1	3	-2	5	32	72	103	77	31	
-1	2	-3	4	32	74	104	77	36	
-2	2	-3	7	33	75	105	78	38	
0	3	0	8	33	76	105	78	39	
0	3	0	9	33	77	105	78	34	
-4	3	-1	7	31	73	103	76	26	
-5	2	-1	5	30	70	103	77	27	
-4	1	-1	6	31	74	103	79	35	
-2	1	-2	3	34	74	103	78	35	
-1	1	-1	3	35	73	101	78	26	
-1	1	-1	7	33	73	99	80	36	
0	1	-2	8	31	71	98	77	41	
0	1	-2	8	31	71	98	76	35	
-1	3	-2	7	31	71	100	77	43	
-3	4	-1	6	32	69	100	76	36	
-4	1	-1	5	32	68	99	76	22	
-4	1	-2	9	35	72	102	77	28	
-2	3	0	11	35	77	106	80	34	
-2	3	0	10	37	84	125	88	41	
-4	3	-3	10	39	87	140	92	49	
-5	4	-2	11	42	96	163	104	51	
-6	4	-1	14	44	99	170	107	50	
-5	4	-1	14	45	99	174	109	53	
-3	1	0	13	44	99	171	110	40	
-3	3	0	13	44	100	171	112	58	
-2	5	0	12	44	100	174	112	72	
-2	4	0	14	44	100	174	111	48	
-1	4	1	15	45	100	176	111	39	
-5	1	1	10	46	98	177	111	29	
-5	1	-1	10	45	98	175	109	25	
-3	3	-1	11	44	101	175	112	43	
-3	3	0	11	45	101	176	111	41	
-3	3	0	12	44	97	176	108	11	
-5	2	3	12	43	96	177	108	11	
-3	2	2	12	44	100	175	112	58	
0	3	1	12	43	101	175	111	62	
0	3	1	13	43	99	176	109	30	
0	3	1	15	43	99	176	110	34	
-1	3	1	15	43	99	175	108	35	
-3	3	1	15	44	95	177	107	47	
-4	2	5	16	45	99	180	111	42	
-2	3	3	16	45	100	179	113	52	
0	3	1	15	43	101	177	112	62	
0	1	1	12	43	101	178	110	50	
-2	1	1	13	43	100	180	111	54	
-3	1	2	14	43	96	176	107	53	
-1	1	3	14	43	88	155	97	48	
0	1	3	12	41	87	144	94	50	
2	0	1	13	34	76	114	82	48	
4	0	1	13	32	66	95	72	40	
0	0	0	0	0	0	0	0	20	
-1	0	-2	8	18	41	36	40	23	
-1	-1	-2	7	21	46	62	50	19	
0	0	-3	10	26	57	81	58	21	
0	0	-3	12	33	73	122	79	39	
-1	-1	-3	13	37	79	142	91	42	
-1	0	-3	15	36	90	171	103	50	
0	1	-3	18	36	93	175	104	41	
0	2	0	18	40	93	174	104	47	
0	2	0	15	40	95	174	105	45	
0	4	-1	15	40	96	176	108	43	
-2	2	-1	13	41	96	176	107	56	
-3	1	-1	13	41	94	175	104	50	
0	2	0	15	40	95	175	105	47	
0	3	1	13	42	96	176	110	42	
0	2	2	12	42	97	176	109	16	
0	1	2	15	40	96	176	107	20	
-2	2	2	17	40	95	175	109	52	
-1	3	2	18	41	95	174	109	55	
-1	2	2	15	42	96	174	109	31	
-2	2	1	14	41	97	176	109	49	
-2	1	2	15	41	97	176	110	65	
-2	0	2	14	41	96	174	110	50	
-2	2	0	14	41	95	175	111	58	
-1	3	-2	16	41	95	177	108	70	
-1	3	-1	15	41	95	177	108	49	
-3	3	0	13	42	95	177	116	45	
-3	0	0	12	43	99	175	116	42	
-3	-1	-1	13	44	101	177	113	25	
-3	0	-1	13	43	101	180	113	43	
-4	1	-1	10	42	96	179	113	46	
-4	2	-2	10	40	93	173	111	44	
-4	1	-2	10	39	88	145	90	40	
-3	-1	-2	9	33	73	126	80	39	
-2	-1	-2	10	0	0	0	0	0	
0	0	-2	4	16	32	20	25	11	
0	0	-2	5	18	36	39	37	20	
-2	0	-1	7	21	49	57	48	22	
-2	0	-1	7	24	59	84	76	29	
-1	-1	1	8	33	80	143	91	38	
-2	0	1	8	35	87	176	112	59	
-1	3	2	8	36	95	180	113	56	
0	3	2	9	37	96	179	110	37	
0	4	1	11	37	94	179	110	38	
0	3	1	12	36	93	176	108	48	
-1	0	1	15	35	93	176	109	57	
-1	0	2	13	36	94	179	108	73	
2	1	1	11	38	94	180	107	54	
2	1	1	12	38	95	180	109	40	
3	0	3	11	35	96	178	110	48	
1	-1	3	11	33	93	177	107	43	
-5	-1	2	14	34	92	178	110	60	
-2	0	2	14	36	92	180	112	45	
2	0	2	11	36	95	180	113	48	
4	0	2	14	34	96	180	112	58	
3	-1	2	15	34	95	179	111	55	
3	-1	1	13	35	95	178	111	52	
3	0	3	14	34	96	177	111	49	
2	0	2	14	34	96	177	112	52	
4	0	1	12	36	97	176	109	29	
4	0	1	12	36	96	176	111	24	
1	-1	0	12	36	96	177	114	48	
1	-2	1	14	34	95	177	113	44	
3	-2	1	13	35	94	177	113	45	
3	-2	1	13	35	94	178	113	28	
2	0	2	15	35	93	178	116	32	
0	0	2	14	34	90	172	110	47	
1	0	0	13	34	90	167	103	47	
2	0	3	13	34	91	162	99	39	
1	-1	3	12	35	87	155	96	28	
0	-1	1	12	33	84	148	90	31	
0	0	1	12	30	77	128	80	35	
0	0	2	11	28	73	116	74	26	
1	0	1	12	26	64	92	59	27	
1	0	-1	8	19	49	42	34	16	
1	1	0	10	21	57	55	40	17	
1	1	2	13	26	68	84	59	28	
0	1	1	11	30	73	102	71	39	
0	1	2	11	37	89	147	98	42	
2	1	2	13	41	97	174	114	48	
0	0	2	15	42	100	175	114	52	
1	0	1	17	42	100	172	112	48	
3	0	1	16	42	102	174	116	56	
3	2	2	15	42	101	175	115	58	
2	1	1	16	43	100	176	117	54	
0	1	1	15	42	102	177	117	39	
0	0	0	16	42	103	178	119	39	
2	0	0	17	42	103	179	118	66	
2	0	1	16	42	103	178	118	58	
2	0	2	16	42	103	177	120	58	
1	1	1	16	43	102	179	121	52	
0	1	1	15	43	103	177	116	27	
1	2	3	13	44	103	176	113	35	
2	2	3	13	44	102	177	116	49	
0	0	5	14	43	101	175	117	49	
0	0	5	15	43	101	176	121	28	
-2	1	4	16	42	100	178	121	29	
-2	1	3	16	41	100	177	117	42	
0	0	3	19	40	100	176	116	46	
1	1	5	19	41	102	176	119	78	
3	2	5	19	42	103	171	115	70	
2	2	4	18	41	98	150	95	32	
1	2	5	15	34	83	140	85	30	
3	0	5	15	33	78	129	64	16	
2	0	3	14	30	65	96	58	13	
0	0	0	13	19	35	29	18	10	
4	0	0	13	21	41	33	23	11	
3	0	0	13	22	44	36	24	11	
2	0	1	13	21	44	46	30	13	
1	0	1	12	22	49	58	37	16	
1	1	1	12	27	62	82	53	23	
3	2	1	14	30	68	116	76	25	
6	2	3	19	32	80	135	85	30	
4	2	1	20	36	94	165	105	49	
3	1	2	21	38	96	172	111	45	
4	2	4	22	38	96	172	111	35	
4	1	5	20	39	94	171	111	48	
2	0	2	17	40	93	173	111	41	
2	0	2	18	39	95	174	111	25	
6	0	5	18	37	96	171	113	47	
6	1	2	18	39	96	171	115	74	
4	2	2	20	38	96	174	117	48	
4	-1	5	21	36	94	172	117	49	
4	-1	6	22	37	94	171	112	72	
5	1	3	22	37	95	172	109	66	
4	2	3	20	38	96	173	113	54	
2	2	4	21	40	95	173	114	40	
0	0	4	20	39	92	174	114	20	
0	0	4	18	36	91	172	113	33	
2	0	5	22	37	94	174	116	40	
2	0	8	22	38	97	174	117	45	
2	0	8	19	37	96	173	114	41	
3	0	8	19	36	95	174	115	18	
3	0	7	20	36	97	171	116	27	
4	-1	7	20	35	95	172	114	41	
4	0	3	20	35	95	177	111	51	
4	1	3	19	34	95	175	113	59	
4	2	6	18	34	94	171	111	40	
5	2	6	18	35	96	172	109	46	
5	1	5	17	32	95	164	109	48	
3	2	5	20	31	81	135	95	31	
4	2	5	17	26	75	115	86	26	
4	0	0	0	0	0	0	0	0	
0	0	0	0	0	0	23	34	22	
0	2	8	11	17	42	40	43	16	
2	1	8	11	22	52	91	68	16	
2	4	7	18	29	75	123	82	25	
2	5	6	22	33	89	166	104	40	
3	3	7	20	35	91	172	111	53	
4	5	10	21	36	92	169	108	11	
3	5	11	20	34	92	170	107	44	
3	4	9	19	34	92	168	106	39	
3	4	8	20	34	94	169	102	38	
3	5	8	22	34	94	169	106	57	
1	4	8	21	34	92	169	109	56	
1	5	9	20	34	91	169	105	41	
1	6	8	19	34	94	169	109	59	
1	7	7	20	35	94	169	113	47	
1	7	8	20	36	93	169	111	35	
1	6	9	21	35	92	167	110	38	
1	4	8	23	35	92	167	112	61	
0	5	8	22	35	96	169	114	71	
0	5	8	22	35	97	169	112	54	
0	5	8	22	35	96	169	113	38	
0	6	9	21	35	96	170	113	32	
0	5	9	20	33	95	171	113	24	
0	6	8	20	33	94	171	113	29	
2	4	5	19	35	98	171	113	33	
2	4	7	21	34	98	173	114	46	
1	7	8	22	34	96	172	114	49	
2	6	6	20	34	92	160	111	57	
1	6	6	18	33	75	123	93	35	
1	6	5	18	25	67	105	86	24	
0	0	0	0	0	0	42	59	20	
2	6	3	9	22	52	67	69	26	
2	8	4	11	27	69	110	88	30	
3	9	4	13	31	83	143	103	31	
0	9	3	14	34	87	159	112	38	
0	8	2	16	35	92	175	121	34	
4	5	3	16	36	97	173	121	46	
4	5	4	16	37	97	173	119	62	
4	7	5	14	37	95	175	119	49	
6	7	4	14	36	95	173	119	35	
6	7	3	15	34	94	171	115	50	
3	7	2	15	34	93	169	111	25	
3	6	1	14	36	94	168	114	15	
2	7	1	13	36	95	170	119	36	
2	7	0	13	35	95	169	119	34	
3	5	1	14	35	94	167	119	38	
6	5	1	14	35	94	168	117	45	
6	5	2	14	34	94	168	114	36	
4	5	1	15	34	95	168	117	44	
3	8	1	15	35	95	171	116	44	
4	9	0	14	34	94	171	115	30	
6	9	0	15	35	96	171	116	28	
6	8	1	14	38	96	172	116	36	
6	7	2	13	40	97	172	118	51	
7	6	0	13	38	98	170	116	68	
5	7	-2	14	38	94	170	112	59	
3	7	0	15	38	89	168	112	51	
3	7	2	14	36	82	139	96	38	
6	7	0	13	27	69	120	85	33	
6	8	0	0	0	0	0	0	0	
5	6	1	7	8	24	38	41	14	
5	7	2	8	14	43	61	52	22	
5	7	4	10	20	56	85	78	40	
5	6	5	11	31	78	128	92	44	
5	6	5	12	34	86	146	116	49	
4	8	6	15	38	95	167	124	54	
5	8	6	14	38	95	167	121	57	
6	9	5	14	37	93	167	115	37	
6	7	4	14	36	93	167	117	42	
6	6	1	15	36	95	167	117	56	
5	8	2	15	37	96	166	119	67	
5	8	7	13	36	95	165	120	85	
5	7	7	12	37	95	168	121	77	
5	6	4	13	37	96	171	122	66	
5	6	3	15	37	97	169	119	63	
5	6	4	15	37	97	167	116	52	
5	6	4	15	36	97	169	116	56	
6	7	1	12	36	95	170	116	59	
8	7	1	11	36	97	169	116	50	
9	7	4	12	35	96	171	118	61	
9	7	3	11	35	95	172	117	55	
8	7	2	9	34	94	169	118	50	
6	7	2	9	35	94	169	118	30	
5	7	4	11	35	93	169	121	53	
6	8	8	12	34	94	169	121	42	
7	9	6	9	35	95	170	122	19	
6	6	3	7	35	95	170	119	44	
2	4	3	6	34	91	162	113	51	
2	4	3	7	32	83	147	95	39	
4	7	3	8	23	62	109	88	43	
4	8	4	6	20	55	94	82	40	
4	5	3	0	12	34	59	68	31	
0	2	0	0	2	22	30	39	22	
5	2	2	0	5	30	47	49	24	
2	2	3	6	13	51	86	70	26	
5	4	5	7	17	62	108	85	29	
6	3	6	4	25	79	146	91	33	
4	2	5	5	27	85	168	107	51	
6	4	4	12	30	90	170	107	35	
6	5	4	13	30	91	170	106	11	
6	5	6	13	30	91	170	112	28	
7	6	6	13	31	92	168	111	50	
4	7	6	12	28	91	169	111	60	
4	7	6	12	28	91	167	110	35	
8	3	6	12	30	93	164	110	11	
7	2	6	12	29	93	169	112	31	
9	5	7	11	30	93	173	111	46	
10	6	8	10	31	92	173	113	62	
4	5	6	10	31	89	172	113	80	
4	5	4	10	31	88	173	110	75	
7	5	4	10	31	89	173	113	52	
9	3	5	9	30	89	173	110	60	
9	3	4	9	29	89	172	109	39	
8	3	4	9	29	89	169	109	11	
7	4	4	10	28	87	170	109	36	
7	6	3	9	29	87	171	110	50	
7	5	4	12	30	89	170	110	57	
7	4	5	13	30	88	171	113	43	
8	4	3	11	30	87	174	113	33	
8	4	3	11	30	87	174	112	49	
7	2	3	11	30	89	173	115	55	
7	2	3	9	30	84	163	108	49	
9	2	3	9	26	72	141	87	32	
9	1	3	9	23	68	126	79	31	
6	0	0	7	12	41	49	33	20	
9	1	3	7	17	51	75	48	26	
9	1	3	12	25	77	130	78	35	
7	1	5	16	32	91	167	108	49	
6	1	5	14	34	93	175	118	68	
6	2	7	15	35	96	179	122	35	
9	0	7	15	35	96	180	119	25	
7	-2	6	12	35	96	180	118	47	
7	0	6	11	35	97	179	119	52	
7	0	5	11	33	97	179	117	39	
7	0	5	13	32	96	180	114	53	
9	0	7	13	33	96	179	114	55	
12	0	8	14	33	98	179	115	47	
10	0	8	14	30	97	179	113	69	
11	0	6	15	31	96	179	115	78	
12	2	4	15	34	97	180	119	45	
7	0	3	12	33	98	182	120	49	
8	1	3	11	33	95	177	115	66	
7	1	4	9	33	95	175	115	85	
7	1	5	9	32	96	177	114	43	
6	1	5	11	30	95	178	115	37	
6	0	5	9	32	95	177	112	39	
6	3	6	10	33	95	178	112	46	
6	5	6	12	32	96	180	114	40	
6	3	6	12	32	96	180	117	47	
6	3	6	11	32	93	176	116	46	
5	4	5	10	28	91	170	108	31	
5	4	3	9	25	82	145	88	28	
6	4	1	7	22	74	130	78	27	
5	3	3	4	16	55	96	54	18	
4	3	1	3	5	25	16	8	8	
4	2	0	2	6	34	44	26	11	
2	2	0	6	11	47	61	35	11	
2	4	2	8	16	61	98	62	18	
4	5	2	8	20	73	118	89	26	
3	2	2	9	28	91	153	101	29	
3	3	5	10	28	95	170	113	38	
2	6	5	12	28	95	174	113	38	
1	5	3	11	30	95	174	112	35	
2	4	2	8	29	96	174	111	29	
2	5	3	9	30	96	175	112	38	
2	5	5	11	31	98	176	115	48	
2	3	4	9	30	100	176	116	50	
0	3	3	8	30	95	173	110	50	
0	5	4	9	30	93	173	112	49	
2	5	3	11	31	95	176	114	50	
6	6	3	12	30	98	175	115	54	
7	6	3	12	29	96	173	119	52	
3	5	0	11	29	95	173	116	41	
4	6	0	9	29	99	176	116	43	
4	5	0	9	30	99	176	119	52	
4	7	0	10	29	99	176	114	57	
3	7	1	10	29	98	178	116	31	
4	6	3	9	31	97	181	117	35	
5	5	4	11	31	96	181	117	45	
5	5	2	12	30	95	180	115	49	
6	5	2	11	30	95	180	117	28	
7	5	3	12	32	95	179	116	34	
6	4	3	13	31	90	165	106	42	
4	3	3	11	27	87	152	98	36	
6	5	2	8	20	73	119	72	19	
3	6	2	8	19	62	103	58	19	
0	5	-1	2	12	37	35	5	-3	
0	4	-3	1	12	45	53	18	4	
0	4	-1	3	17	56	82	40	13	
1	5	2	6	21	64	100	57	16	
1	5	1	7	27	81	142	87	32	
0	4	0	11	30	89	159	98	40	
0	6	0	13	31	95	175	114	43	
1	7	4	12	31	93	175	116	70	
1	5	5	10	31	93	174	113	53	
4	6	5	13	31	95	175	116	38	
4	5	3	15	31	95	177	116	50	
4	4	2	14	35	97	181	118	47	
4	4	2	13	36	97	180	121	32	
3	5	2	12	34	96	176	116	33	
5	4	4	11	34	96	180	119	44	
5	3	3	10	34	96	180	121	52	
1	3	1	10	32	95	180	117	67	
1	3	1	10	31	95	179	117	71	
1	1	0	10	31	96	178	116	52	
2	0	0	13	31	95	178	113	53	
2	0	0	13	31	95	179	111	57	
3	3	1	12	31	97	179	111	79	
2	5	3	13	31	100	180	118	68	
1	4	1	11	32	99	180	117	57	
4	3	1	10	35	98	180	117	40	
4	3	2	10	36	97	180	120	31	
5	3	2	10	36	97	180	121	53	
3	0	0	8	34	95	174	114	57	
0	-1	-1	8	31	86	146	98	40	
3	1	0	10	27	80	129	88	44	
3	1	3	3	12	27	17	23	-6	
5	3	6	4	15	34	52	43	15	
4	3	2	7	21	49	74	54	21	
3	1	-1	8	26	66	120	74	30	
4	1	0	11	29	74	141	86	39	
3	1	0	11	34	89	173	105	48	
1	1	2	10	34	91	181	109	50	
1	1	2	10	33	89	180	109	56	
1	-1	0	10	33	88	176	106	57	
1	-1	0	9	34	88	177	107	53	
1	0	0	9	36	89	180	107	48	
1	-1	0	9	36	89	179	106	45	
1	-1	0	6	35	89	179	109	13	
1	0	1	6	35	89	179	110	34	
1	0	2	6	34	88	180	107	50	
1	1	2	6	34	88	181	105	34	
1	0	1	8	36	91	180	105	30	
1	0	1	8	36	92	181	107	12	
1	0	1	7	34	91	183	106	18	
1	0	-1	10	33	92	184	106	38	
1	0	-1	12	34	90	183	104	47	
1	0	0	9	36	90	183	106	15	
2	0	-1	6	36	92	185	106	13	
1	0	1	6	35	91	182	106	21	
1	-1	3	7	34	92	181	109	29	
3	-1	3	7	34	92	180	110	42	
1	-1	2	6	33	86	169	90	32	
0	-1	1	6	22	63	126	78	31	
0	-2	0	4	0	0	0	0	0	
1	-1	-1	-1	9	23	17	45	17	
2	0	0	1	14	40	53	52	27	
-1	0	2	2	15	54	101	72	27	
-1	2	4	4	22	63	129	82	27	
1	4	5	7	29	83	171	102	43	
1	2	4	7	30	86	180	105	49	
1	3	3	6	33	86	185	105	53	
1	2	3	4	33	89	189	108	53	
4	1	2	4	32	91	187	111	34	
4	1	5	5	33	91	182	109	43	
1	1	5	6	33	86	183	105	51	
2	3	3	7	33	85	182	107	60	
3	2	1	7	33	88	182	108	38	
0	2	1	3	33	89	181	107	43	
1	2	3	6	31	90	181	108	44	
1	3	5	6	31	88	182	107	31	
0	3	5	5	31	87	182	109	48	
1	3	5	6	30	89	185	110	56	
0	3	5	7	28	87	183	109	67	
0	3	4	7	30	86	182	105	67	
0	4	4	7	34	91	187	112	51	
1	4	4	8	34	91	188	114	41	
1	5	5	8	31	91	185	110	43	
0	5	6	6	30	89	186	108	52	
1	5	5	4	29	89	186	110	74	
1	5	7	7	30	89	184	110	45	
0	4	5	7	31	88	182	108	25	
1	5	4	7	33	89	185	108	41	
0	5	5	6	32	88	186	110	34	
-1	3	6	6	30	81	172	101	31	
1	4	6	7	28	74	151	78	34	
7	4	2	4	19	56	98	65	26	
1	0	-6	5	-3	-3	28	-15	-6	
1	-1	-6	4	-2	-2	31	-14	-13	
1	0	-2	3	-3	-4	28	-14	-12	
3	2	-2	3	-3	-7	27	-14	-10	
1	2	-3	4	-3	-8	20	-17	-15	
-2	0	5	8	33	89	189	114	59	
-1	1	4	5	33	91	189	114	65	
-1	0	5	5	33	90	186	113	48	
-1	0	7	4	32	89	185	113	37	
-2	1	6	6	32	89	185	109	15	
-4	0	6	7	31	86	186	109	26	
-2	-1	7	7	32	87	187	112	40	
-1	-1	6	6	33	89	185	109	51	
-4	-1	6	5	33	88	186	110	70	
-6	-2	6	4	33	87	187	111	45	
-3	-1	7	7	32	90	186	110	24	
-1	0	6	6	31	88	187	111	42	
-2	1	4	4	31	86	187	112	62	
-2	2	6	5	30	85	182	112	63	
-1	3	8	6	32	86	181	113	42	
-1	3	8	6	33	88	182	114	40	
-2	0	6	2	34	88	183	113	36	
-3	1	3	1	33	86	184	113	17	
-3	3	6	7	31	81	184	113	19	
-1	3	7	7	31	80	181	109	34	
0	2	7	3	28	78	168	93	34	
0	2	4	0	22	57	125	82	37	
-2	2	0	0	0	0	0	0	0	
0	0	0	0	0	22	37	40	22	
-2	0	4	3	10	34	65	49	17	
-3	0	6	7	19	61	127	73	18	
-4	0	6	7	28	76	154	87	29	
-4	1	6	10	37	89	179	100	32	
-5	2	6	10	37	88	178	104	31	
-5	0	6	10	35	87	180	106	47	
-3	0	6	10	35	88	181	104	40	
-5	1	6	6	35	86	179	103	38	
-4	1	4	6	33	86	179	103	62	
-1	2	5	7	31	88	179	100	32	
-2	0	5	8	29	88	179	100	12	
-1	1	6	8	32	88	181	102	43	
0	3	6	10	33	87	179	101	66	
0	2	2	11	33	86	179	99	69	
-1	2	2	11	33	88	179	101	47	
-1	4	6	10	33	90	178	103	34	
-1	1	5	8	31	88	179	100	27	
-2	0	2	7	30	87	178	101	25	
-2	1	4	7	31	88	180	106	55	
-2	1	4	7	32	88	179	104	54	
-2	1	4	6	32	88	180	104	44	
-2	0	5	7	31	87	180	104	33	
-4	-1	3	6	30	87	174	103	33	
-4	-1	2	5	26	80	154	91	28	
-6	-1	2	5	22	63	120	73	30	
-7	-3	1	1	19	54	99	65	0	
0	-3	3	3	12	26	23	26	-2	
-1	-1	3	2	17	36	51	35	2	
0	-1	3	2	25	60	114	63	23	
2	-1	4	5	29	72	144	79	30	
2	1	8	11	35	85	178	99	59	
0	3	10	10	35	86	178	99	51	
1	1	7	7	35	86	178	101	38	
1	0	5	9	35	87	178	101	49	
0	0	7	9	35	89	177	100	44	
2	0	7	9	36	88	177	101	28	
2	1	8	8	35	87	177	101	44	
1	1	7	7	35	88	177	103	56	
-1	2	6	9	35	89	177	103	48	
-1	2	6	10	36	89	176	102	35	
1	4	6	10	36	87	176	101	12	
0	4	6	11	35	86	176	103	20	
0	2	7	9	35	88	176	103	31	
1	2	8	10	35	89	177	103	41	
2	3	8	10	35	91	178	106	69	
1	3	5	10	35	91	178	99	66	
-2	2	1	10	37	91	178	97	39	
-1	1	2	9	37	91	179	101	41	
1	3	5	10	35	89	179	102	38	
1	4	6	10	35	88	179	105	4	
0	4	6	13	35	87	179	107	22	
-2	4	7	10	36	87	180	105	47	
-3	3	6	12	36	91	181	107	37	
2	1	6	12	35	91	180	106	14	
1	1	7	12	33	90	177	104	30	
-3	1	7	12	33	84	173	104	48	
-2	1	7	10	30	77	157	95	37	
0	1	4	12	28	75	146	87	43	
0	1	4	10	25	62	120	71	43	
-3	3	3	6	23	55	104	62	30	
0	0	0	0	0	38	41	31	10	
0	0	-2	10	22	51	77	48	18	
0	0	-1	10	33	79	144	83	32	
0	1	3	10	37	90	168	98	40	
0	1	4	10	42	99	188	111	45	
0	0	7	10	43	98	187	109	61	
0	0	5	9	41	97	185	107	52	
0	1	3	10	42	99	185	107	49	
2	2	1	11	42	98	187	107	47	
3	3	0	10	43	98	188	108	43	
2	3	2	9	43	100	189	110	34	
0	3	2	9	43	100	192	111	53	
0	3	4	12	44	98	193	111	47	
0	3	4	12	45	98	191	111	41	
1	3	3	12	43	98	189	112	7	
3	3	7	12	41	98	189	111	9	
3	3	7	10	42	101	186	110	44	
0	3	6	9	42	101	186	108	41	
0	3	5	11	42	101	189	104	39	
6	4	6	15	43	100	192	105	51	
4	4	6	15	41	100	193	108	56	
3	2	6	9	41	105	189	108	40	
4	4	1	14	40	104	187	105	33	
2	4	1	16	39	101	187	104	49	
1	1	4	12	42	102	188	107	50	
3	1	4	12	42	102	183	108	41	
6	3	3	10	40	101	177	103	41	
7	3	2	9	35	89	150	90	39	
5	1	1	9	33	78	129	81	42	
4	1	0	7	0	0	0	0	0	
2	2	2	3	24	43	42	35	12	
2	0	2	3	30	57	112	70	22	
4	3	3	6	38	80	142	87	38	
2	4	5	8	43	92	182	108	49	
8	4	5	8	44	101	193	115	65	
8	5	7	10	44	101	194	117	36	
1	4	7	8	46	99	193	117	37	
2	3	6	10	46	99	193	113	43	
1	3	6	9	46	101	193	113	14	
3	5	5	10	46	101	193	113	24	
3	5	5	13	47	99	194	113	55	
2	4	6	13	46	99	194	111	55	
3	4	5	12	44	100	195	109	58	
4	5	6	12	45	100	196	112	31	
4	4	5	12	46	101	198	112	20	
3	4	4	11	47	101	198	115	48	
1	2	6	11	47	99	198	115	49	
2	1	6	10	46	100	198	112	55	
5	4	6	7	45	102	199	112	64	
5	5	8	7	44	103	198	113	47	
5	3	7	10	44	103	198	115	47	
6	2	8	10	44	101	199	117	59	
6	0	7	9	44	100	197	115	52	
5	0	6	10	42	100	196	114	41	
5	0	8	13	42	100	196	115	44	
5	0	7	12	40	92	176	106	39	
5	0	6	7	36	86	156	95	37	
5	-1	6	5	31	68	114	69	34	
0	0	0	0	0	87	167	105	36	
4	2	8	12	37	96	190	114	38	
4	2	8	11	35	94	188	111	43	
4	0	7	12	38	94	193	119	42	
5	-1	8	11	37	95	193	122	44	
3	0	9	11	37	97	193	119	70	
2	0	8	12	39	97	192	117	50	
3	0	8	13	39	96	190	112	64	
5	0	8	13	37	96	191	111	67	
2	0	8	12	37	95	191	115	53	
1	0	7	12	38	95	193	115	44	
3	0	8	12	39	96	193	116	51	
2	-2	9	12	39	96	192	120	67	
1	-1	10	13	35	95	196	119	57	
1	-1	8	13	35	95	195	121	45	
2	-1	10	13	36	95	196	123	40	
3	-1	10	12	37	95	196	117	43	
4	0	10	13	37	95	197	117	48	
2	1	11	12	38	92	199	121	23	
0	0	10	11	38	92	199	119	33	
0	-2	9	12	34	86	178	110	45	
1	-1	10	12	31	78	130	89	41	
2	-2	0	0	0	0	0	0	0	
2	-1	10	3	10	32	48	43	17	
1	-1	9	4	18	42	75	55	23	
1	-1	10	11	27	65	137	81	40	
0	0	10	13	32	74	168	93	51	
0	0	11	15	35	85	199	110	51	
0	0	12	14	36	88	199	113	44	
0	0	12	12	35	90	198	113	20	
1	0	11	13	35	89	198	113	45	
1	1	12	16	38	89	196	110	67	
-1	2	10	13	37	89	195	110	51	
-1	1	10	13	34	88	198	110	53	
1	0	12	14	35	89	198	108	33	
1	1	12	13	36	90	195	109	26	
1	2	12	13	35	90	197	110	36	
1	2	11	13	35	89	200	107	46	
1	2	11	13	34	87	200	104	53	
0	0	11	12	34	85	198	105	62	
0	0	10	13	34	85	199	109	32	
-1	2	12	16	34	85	201	111	48	
0	2	12	17	37	87	201	111	51	
0	0	9	12	36	88	198	107	78	
1	-1	9	12	37	88	202	109	64	
2	1	13	14	38	88	202	110	54	
1	1	14	15	34	87	200	106	31	
0	1	15	15	36	88	202	106	33	
0	0	14	14	36	87	203	107	39	
-1	0	13	12	36	86	202	107	48	
1	1	14	12	37	89	203	108	41	
2	0	13	12	37	92	203	110	39	
2	-1	11	11	38	91	203	108	56	
3	0	13	11	38	91	204	108	59	
0	0	14	10	38	92	204	109	45	
-4	0	12	11	38	90	203	105	51	
-4	0	11	11	37	87	203	98	40	
-1	0	11	11	37	88	207	104	30	
0	0	11	12	37	87	206	110	50	
0	0	11	11	36	85	199	106	50	
0	0	13	7	30	73	176	92	48	
-1	0	12	6	22	55	134	69	37	
-4	2	8	2	6	7	57	37	16	
-3	2	9	6	18	35	88	50	24	
-1	3	10	10	29	69	153	78	41	
-4	3	12	14	34	81	181	94	45	
-4	4	16	17	40	92	205	114	36	
0	6	16	14	40	94	208	113	46	
-1	5	11	14	40	94	208	108	52	
-2	2	11	14	40	93	206	108	54	
-1	1	15	14	40	93	206	109	55	
-1	2	16	14	39	92	204	111	48	
-3	2	16	13	38	91	203	110	46	
-3	3	16	13	36	91	206	111	23	
-3	4	13	13	36	92	206	111	25	
-3	4	13	13	39	91	206	109	39	
-3	2	16	13	39	90	204	109	50	
-1	2	16	14	38	91	204	109	55	
-1	2	15	16	38	92	203	108	41	
0	2	15	17	38	95	203	110	58	
-2	5	15	16	40	94	207	110	51	
-3	6	14	13	37	93	207	111	40	
-1	4	13	12	40	95	206	113	42	
0	3	13	14	42	97	207	115	23	
-1	4	12	14	40	96	207	114	31	
-3	4	12	14	40	94	207	112	48	
-3	3	13	14	42	94	207	110	59	
-2	3	13	15	41	93	207	110	79	
-2	3	13	15	40	93	208	112	77	
-2	5	14	13	41	94	210	112	63	
-1	5	12	12	39	91	203	107	46	
-3	4	12	12	37	85	165	83	36	
-5	2	10	9	30	64	141	67	28	
-3	2	9	0	0	0	0	0	0	
0	3	8	5	11	20	26	-1	6	
1	2	8	6	14	29	45	9	8	
2	3	9	10	22	50	96	38	30	
0	4	11	10	24	61	127	55	43	
-1	6	12	12	33	83	181	91	43	
-1	5	12	14	36	89	198	112	56	
-1	4	14	18	36	91	198	112	39	
0	6	14	17	37	92	200	107	29	
2	5	13	15	36	91	201	107	37	
2	5	13	16	34	90	200	111	42	
0	6	13	17	36	90	201	108	70	
0	6	14	17	35	90	201	107	57	
0	6	16	16	35	90	197	107	23	
0	6	14	17	37	89	199	108	45	
1	5	14	18	37	89	198	109	55	
1	5	15	15	36	92	201	109	31	
-3	5	15	12	36	90	201	110	17	
-3	2	14	13	35	89	199	108	41	
-2	2	14	15	36	90	201	107	51	
2	3	15	16	36	92	202	110	26	
2	4	15	17	36	95	201	111	17	
0	4	13	15	35	91	202	107	29	
-1	3	12	17	35	90	202	105	42	
1	3	13	15	36	93	200	109	49	
3	2	13	13	37	92	197	108	44	
1	2	13	15	37	91	200	109	31	
-1	1	14	15	36	91	201	110	46	
1	0	14	13	36	92	199	112	38	
4	2	12	13	33	86	177	98	43	
1	1	9	12	30	75	151	83	36	
0	0	6	4	15	20	24	22	9	
-1	0	5	5	15	22	36	27	11	
-1	0	5	4	16	25	41	28	13	
-1	-1	5	4	18	31	57	35	14	
-2	0	5	6	20	37	69	43	14	
-2	1	5	7	23	46	114	63	26	
1	3	7	10	32	66	147	75	42	
1	4	9	13	35	77	192	99	50	
0	4	9	15	38	86	198	104	51	
0	2	9	15	38	84	196	104	45	
0	2	9	14	37	84	196	103	44	
0	3	8	13	38	83	197	101	38	
0	2	13	14	38	82	197	103	33	
0	2	13	15	38	82	196	101	42	
0	3	8	15	40	82	197	98	61	
0	2	8	14	40	80	198	100	57	
1	3	9	16	40	82	198	101	33	
1	4	9	16	40	82	198	102	40	
1	4	7	16	38	83	197	102	36	
1	4	7	16	38	83	198	104	18	
1	4	9	16	39	85	198	104	32	
0	4	9	16	39	85	198	100	37	
0	4	9	15	39	83	198	98	35	
1	5	10	16	39	84	198	100	25	
1	4	10	17	39	83	196	97	1	
1	5	8	17	39	81	195	96	30	
2	8	8	17	39	82	199	100	46	
2	8	8	16	40	87	201	98	40	
2	7	8	16	40	87	198	95	34	
0	6	9	17	38	85	197	96	54	
0	6	9	18	39	85	197	97	47	
1	8	9	19	39	86	198	99	33	
1	8	9	19	39	89	196	99	48	
2	8	9	20	40	89	197	96	54	
2	8	9	20	40	89	198	98	38	
1	7	9	19	38	87	193	95	30	
1	7	9	17	35	85	178	88	41	
0	6	9	11	29	68	134	69	35	
0	6	7	10	27	58	112	0	0	
1	7	6	5	16	25	27	14	9	
2	7	7	6	18	42	65	34	17	
3	6	9	9	24	51	90	46	21	
5	5	8	9	30	70	143	67	27	
4	8	7	12	34	78	167	78	34	
4	9	8	15	37	88	195	95	34	
2	7	8	15	37	89	196	95	31	
3	6	6	15	37	89	196	94	43	
5	7	6	12	38	91	198	96	19	
5	8	5	9	37	92	198	96	29	
5	8	6	12	38	93	199	97	46	
7	7	8	13	39	93	199	100	36	
7	6	8	14	39	93	200	104	63	
7	6	8	15	39	93	200	99	46	
4	5	7	14	38	95	198	97	20	
4	5	7	13	37	95	198	100	39	
4	7	6	16	37	93	200	99	41	
3	6	6	17	37	94	201	98	25	
4	5	7	16	38	93	199	99	23	
4	6	7	14	39	92	198	99	44	
5	5	8	11	37	92	199	100	51	
9	4	6	11	35	93	199	98	43	
10	4	6	10	35	94	199	94	28	
7	4	8	9	36	92	200	95	31	
7	5	9	12	36	91	200	98	36	
5	5	7	12	36	90	199	99	45	
5	5	7	13	37	91	199	99	65	
5	5	7	13	37	92	199	95	72	
4	5	6	10	38	93	200	95	51	
8	6	8	12	37	93	201	98	42	
9	5	8	12	36	91	200	96	39	
8	5	5	10	35	90	200	93	17	
8	6	4	13	36	90	201	95	17	
8	6	5	13	36	92	199	97	36	
9	5	7	11	36	91	195	96	46	
9	4	7	13	36	91	195	95	34	
9	3	5	15	36	90	189	90	23	
9	3	4	15	35	85	176	85	26	
8	4	5	12	28	69	140	63	27	
7	4	6	12	25	60	119	52	0	
7	3	3	5	9	21	20	4	-5	
7	2	4	5	9	25	31	7	4	
5	2	1	4	11	26	38	8	7	
5	2	0	4	13	34	61	19	7	
3	2	0	5	18	41	79	28	10	
2	2	1	7	21	59	126	50	22	
8	2	5	8	28	72	152	65	31	
9	4	6	9	31	88	191	88	40	
5	7	8	11	35	88	198	92	40	
4	6	8	11	35	88	197	93	24	
6	2	6	11	37	88	197	93	21	
6	2	6	11	37	89	196	92	36	
5	5	6	9	35	89	196	96	61	
5	5	6	9	35	88	196	95	82	
2	3	7	9	37	86	196	91	62	
3	3	8	9	37	86	196	92	46	
7	2	7	10	38	89	194	92	44	
7	2	7	10	38	90	196	92	41	
6	4	5	11	37	89	198	93	43	
6	5	5	11	37	89	198	92	43	
5	5	6	10	35	88	199	90	43	
4	5	6	10	36	88	198	92	29	
7	4	6	9	36	93	198	92	29	
8	3	7	9	35	92	199	91	48	
8	5	8	9	35	89	200	93	46	
8	6	6	9	36	90	202	93	45	
6	7	6	9	36	89	204	94	43	
9	6	4	8	36	89	203	92	33	
8	5	2	10	36	89	202	90	32	
6	5	4	10	36	88	201	93	51	
7	5	5	10	36	88	200	94	71	
8	4	4	10	35	88	200	92	50	
9	5	3	10	35	89	202	91	16	
8	5	3	11	35	89	202	95	43	
9	4	5	14	34	90	200	95	48	
9	5	6	14	34	90	201	99	49	
7	5	2	11	35	88	201	98	66	
7	4	1	8	35	90	200	95	33	
9	4	4	8	35	90	203	98	35	
9	6	4	10	37	89	203	98	41	
7	6	2	10	36	89	201	95	35	
7	5	2	10	35	88	201	94	30	
7	5	3	9	35	88	198	91	29	
7	4	3	8	33	85	191	86	35	
9	4	3	9	32	77	156	72	24	
10	2	2	9	29	65	133	63	26	
8	2	0	5	25	59	0	0	0	
5	2	2	4	6	27	36	23	21	
7	4	2	6	10	50	93	45	18	
7	6	2	10	22	66	126	55	14	
6	6	3	11	30	87	186	82	36	
7	5	4	12	35	89	198	93	33	
7	5	6	12	34	90	198	96	6	
8	6	5	11	34	91	201	98	29	
9	6	5	12	33	91	202	98	50	
6	5	4	14	33	90	201	94	42	
6	5	3	15	33	90	202	96	45	
11	7	6	14	33	93	201	93	41	
10	7	6	14	33	93	200	91	31	
7	5	4	13	32	91	199	94	25	
8	4	2	12	32	92	202	96	34	
8	5	2	14	32	92	206	96	48	
8	5	2	16	32	91	204	97	34	
4	4	2	15	33	91	202	96	21	
6	6	2	14	34	91	202	95	38	
10	7	0	14	35	91	205	95	35	
9	6	0	14	34	91	203	92	15	
10	5	1	12	33	90	201	94	10	
10	6	1	12	34	90	201	98	18	
10	8	0	15	35	91	202	96	33	
10	8	0	16	34	90	200	93	51	
10	8	0	15	33	91	201	93	36	
9	8	0	15	33	91	202	94	32	
9	7	2	15	33	87	198	92	40	
11	8	3	15	32	84	188	79	31	
13	9	3	13	27	70	151	70	34	
13	7	0	10	22	61	0	0	0	
-3	-3	3	-1	9	23	97	48	14	
-4	-4	2	-1	9	22	99	49	18	
-4	-4	1	-1	9	25	100	49	23	
-4	-1	1	-2	10	27	102	48	15	
-4	0	3	0	11	23	99	47	6	
-2	-3	3	-1	10	24	98	47	14	
-4	-2	4	-2	9	28	98	46	20	
-4	-2	5	0	9	25	96	46	23	
-4	-4	5	0	8	22	96	45	28	
-5	-3	5	0	8	21	97	45	24	
-6	-3	5	0	11	19	92	44	20	
-6	-4	3	-3	10	16	85	41	17	
-6	-3	3	-3	0	0	0	0	0	
5	5	0	14	28	73	165	83	42	
6	5	0	13	28	73	166	84	41	
11	6	1	14	30	77	166	84	34	
9	6	1	14	30	76	166	84	59	
4	7	1	11	30	73	167	82	53	
8	8	1	12	30	76	168	84	25	
11	6	1	16	31	77	166	87	44	
9	6	0	15	30	75	167	86	61	
8	6	0	15	29	76	168	84	35	
7	6	0	14	28	76	166	84	24	
10	6	0	12	27	76	166	85	41	
9	6	0	13	27	77	167	85	41	
8	10	0	16	27	75	167	84	52	
9	10	0	17	27	75	166	80	58	
9	9	0	17	27	74	166	81	49	
10	9	1	16	25	71	167	84	39	
11	8	-1	13	27	71	165	84	28	
11	8	-2	14	29	74	165	84	33	
12	11	0	17	27	75	166	87	51	
12	10	1	16	26	74	167	87	49	
10	9	0	15	26	74	168	84	48	
10	9	0	16	27	76	167	86	43	
11	9	0	18	27	76	165	86	42	
11	10	0	18	26	76	163	85	57	
10	8	0	15	26	75	165	84	49	
10	7	-1	15	25	74	165	83	31	
10	9	-2	16	25	71	164	84	50	
10	10	-1	16	27	71	167	84	45	
12	10	0	16	28	75	167	84	33	
11	10	-1	16	28	76	167	83	47	
9	10	0	15	27	77	168	83	39	
9	10	0	16	26	77	168	82	62	
11	9	-4	15	27	78	168	82	62	
12	8	-4	12	28	78	166	81	33	
9	9	1	13	27	73	165	82	44	
8	10	1	14	27	71	166	84	29	
7	9	-1	14	28	73	166	82	36	
7	9	-1	14	28	73	166	81	60	
8	7	2	13	29	75	166	83	49	
6	7	3	12	30	75	168	84	39	
7	8	3	11	29	74	169	88	57	
7	8	2	11	29	74	168	87	57	
7	8	0	12	28	73	168	81	40	
7	8	-1	11	28	73	167	82	45	
7	10	1	13	29	73	164	82	44	
8	10	3	14	28	73	165	81	28	
9	9	0	12	27	74	166	82	19	
10	8	0	12	27	75	163	81	25	
10	8	0	12	30	75	163	78	42	
6	8	0	12	31	71	165	77	31	
7	8	1	14	30	74	165	75	20	
7	10	1	15	29	75	167	75	30	
6	10	1	14	29	77	167	77	26	
9	9	0	13	30	80	165	77	23	
8	7	1	13	31	76	165	80	39	
8	7	3	13	31	73	165	82	17	
10	9	2	13	30	74	165	78	6	
8	9	2	12	28	73	163	78	42	
8	9	2	15	30	74	166	79	45	
8	9	1	12	30	74	167	76	26	
6	8	1	10	30	74	165	78	18	
8	9	1	9	30	74	163	80	28	
9	9	2	10	29	75	163	80	35	
3	10	2	11	31	74	165	82	53	
3	10	2	10	31	73	167	83	48	
6	7	2	11	31	74	164	80	36	
4	7	2	11	29	74	164	78	39	
4	8	1	13	30	75	168	78	60	
4	8	0	13	32	76	164	82	55	
5	7	0	12	34	76	164	81	27	
6	7	0	11	34	74	167	80	37	
5	5	0	9	34	75	166	80	35	
4	6	0	9	34	76	168	77	60	
5	6	0	12	34	76	168	77	84	
7	6	0	14	33	74	165	75	52	
7	7	0	13	33	73	166	75	42	
6	7	0	11	33	74	166	75	32	
7	7	2	11	33	74	166	75	36	
8	7	3	13	34	75	166	78	36	
9	7	2	13	33	75	166	79	27	
9	7	3	11	31	75	167	79	39	
8	7	3	11	32	76	167	80	50	
8	7	0	14	32	75	165	80	39	
8	7	0	14	32	73	162	79	40	
9	6	0	16	32	74	164	80	46	
8	6	0	17	30	74	166	80	48	
8	5	0	12	30	74	164	81	28	
8	3	0	15	32	74	164	82	34	
8	4	0	14	31	75	164	81	31	
9	6	-1	12	31	76	165	80	38	
9	6	-1	13	32	74	164	81	63	
8	6	0	14	31	75	164	78	59	
8	7	0	15	32	75	163	77	34	
8	7	0	12	32	75	161	80	28	
7	6	0	11	32	76	163	81	44	
8	6	0	13	33	76	165	78	33	
10	5	-1	14	32	79	165	78	51	
9	3	0	13	31	80	163	79	54	
7	4	2	12	33	78	163	82	43	
8	5	1	12	35	80	164	81	51	
7	5	0	10	36	81	164	78	25	
7	5	0	11	36	81	162	80	43	
9	5	0	13	33	79	163	79	62	
9	5	0	13	34	79	164	79	41	
9	5	3	12	35	80	164	81	41	
8	7	3	11	36	80	163	83	24	
5	7	2	12	36	79	162	80	22	
6	5	0	11	36	80	161	77	50	
7	3	1	12	35	80	159	77	47	
7	4	1	12	35	80	160	79	25	
6	5	1	11	37	81	163	83	20	
5	6	1	13	37	80	163	80	41	
7	6	0	13	37	80	165	77	40	
10	5	0	12	37	82	164	77	36	
10	5	0	11	35	83	164	78	26	
8	6	0	9	37	81	164	77	31	
8	8	2	9	37	80	163	79	43	
7	6	1	11	37	80	162	80	37	
7	4	0	9	38	81	163	78	54	
8	5	1	9	37	81	161	78	40	
6	4	0	11	37	81	163	79	41	
7	3	0	10	36	81	164	78	42	
8	2	0	10	34	80	161	79	17	
7	4	1	10	34	81	162	79	25	
7	4	0	10	35	80	162	78	27	
7	2	1	9	34	79	162	79	27	
7	2	2	9	34	79	162	76	51	
8	4	1	9	34	79	161	74	44	
6	6	1	10	34	79	160	72	46	
4	5	3	11	34	79	160	75	51	
6	5	4	12	34	79	162	78	39	
5	7	3	10	34	76	164	76	20	
5	7	2	13	34	77	164	76	42	
7	5	2	13	34	79	159	72	57	
7	6	3	11	33	76	159	72	44	
8	6	3	13	33	76	160	75	47	
7	4	2	11	33	78	156	74	45	
