7	4	3	11	34	78	158	76	15	
7	6	2	11	34	76	162	77	15	
6	6	3	11	35	76	162	77	37	
6	6	4	12	35	83	163	81	40	
7	6	2	11	34	80	163	79	23	
5	5	2	11	34	77	162	74	19	
5	5	3	11	33	77	162	75	40	
4	5	1	11	32	78	162	74	36	
2	6	0	12	33	78	163	73	36	
2	6	0	8	33	77	164	75	53	
3	5	0	8	33	77	163	71	59	
2	5	0	9	33	77	162	72	49	
3	5	0	8	32	77	163	75	39	
3	4	0	8	32	77	162	71	30	
1	4	2	9	33	77	160	73	5	
1	6	2	9	33	76	162	78	14	
2	6	0	8	32	75	163	75	37	
2	4	0	11	32	75	162	73	36	
3	3	0	12	32	75	162	72	32	
4	2	0	11	32	75	159	71	39	
3	1	0	9	35	77	163	75	56	
4	2	-1	9	35	78	164	75	46	
4	3	0	10	33	78	161	72	31	
4	3	-1	9	33	78	160	72	26	
5	3	-2	8	34	77	164	72	34	
5	3	-1	11	34	77	164	72	38	
7	4	0	13	31	76	161	73	33	
6	3	0	9	32	75	162	68	5	
6	0	0	10	32	76	163	70	17	
8	2	0	12	33	76	162	73	36	
6	1	-2	11	35	77	162	73	35	
5	0	-3	11	35	77	162	72	44	
5	0	-1	11	31	75	160	72	41	
5	1	0	9	28	75	163	73	27	
4	4	0	9	27	75	165	72	25	
4	4	0	8	30	75	162	75	46	
3	3	-2	5	30	74	162	76	20	
4	0	-3	5	30	75	162	76	15	
7	1	-1	9	30	79	163	76	36	
6	3	0	7	31	77	164	75	32	
4	3	-3	7	32	75	162	69	33	
5	3	-4	9	31	77	164	69	26	
5	3	-4	12	30	77	166	74	36	
5	3	-4	9	30	77	161	76	47	
5	3	-4	8	29	76	161	73	17	
5	2	-3	9	29	77	162	72	33	
5	2	-4	9	30	80	162	76	35	
4	2	-5	10	28	78	164	77	37	
5	2	-4	10	30	77	164	75	45	
6	2	-2	11	33	79	164	79	54	
5	2	-2	11	31	77	164	76	19	
2	1	-4	10	30	77	166	73	20	
3	2	-6	11	31	78	166	72	32	
4	2	-5	11	31	77	163	73	41	
6	2	-5	9	31	76	163	73	16	
6	3	-4	10	28	76	163	75	25	
4	3	-4	10	27	79	164	76	39	
4	4	-4	9	28	81	163	78	30	
5	3	-4	10	28	80	162	74	12	
6	4	-4	12	31	80	164	76	43	
7	4	-4	12	33	81	164	76	32	
8	4	-5	11	30	80	163	76	35	
7	3	-3	14	31	81	164	78	38	
7	3	-4	14	32	83	164	76	39	
6	3	-5	11	31	81	162	77	41	
6	3	-5	9	30	81	162	75	29	
5	2	-4	9	30	82	163	73	32	
4	2	-3	10	31	82	163	75	43	
3	3	-4	12	30	81	164	74	34	
3	3	-4	13	31	81	164	72	38	
4	4	-4	13	31	82	165	77	18	
1	5	-7	12	31	83	163	76	11	
1	3	-7	11	31	79	161	73	23	
1	2	-5	15	32	80	161	78	38	
1	3	-5	16	32	83	162	76	31	
3	3	-5	16	31	81	162	72	17	
3	3	-4	16	29	80	161	76	25	
5	3	-6	14	29	81	162	77	44	
2	2	-9	14	30	77	160	71	41	
3	3	-6	15	29	76	161	67	27	
6	2	-4	13	29	79	162	68	30	
2	2	-5	12	30	81	160	71	28	
1	5	-5	11	30	83	161	74	31	
3	5	-6	11	31	83	163	77	42	
0	3	-4	13	32	81	163	76	25	
-1	2	-3	13	31	79	164	77	21	
0	3	-4	12	31	80	166	75	43	
1	3	-5	12	33	81	166	73	48	
0	3	-3	14	34	80	165	73	22	
-1	3	-3	14	34	79	165	74	18	
0	3	-4	13	33	79	164	72	39	
1	3	-3	13	33	80	164	74	40	
1	6	-2	13	34	80	164	74	44	
1	8	-3	13	33	80	164	75	23	
4	5	-3	12	32	82	164	75	20	
4	4	-3	13	33	83	164	74	35	
2	5	-7	14	33	82	164	70	26	
2	5	-7	14	31	82	164	70	24	
2	3	-3	11	31	83	164	76	39	
2	2	-3	11	31	82	163	76	47	
0	5	-1	18	32	82	166	75	44	
0	6	-1	18	32	83	167	75	42	
0	5	-1	14	30	82	165	74	36	
3	5	-1	14	30	82	163	77	42	
3	5	-1	13	31	82	162	75	36	
0	4	-6	12	31	81	165	71	33	
0	4	-6	12	31	81	163	73	29	
0	3	-5	12	32	81	160	73	15	
0	3	-5	12	34	84	163	74	28	
-3	5	-5	17	33	83	167	75	43	
-3	4	-6	18	31	81	166	73	44	
-1	4	-7	13	31	81	164	71	49	
-1	2	-5	18	34	82	163	72	62	
0	0	-6	18	35	86	164	73	44	
0	3	-5	15	32	86	164	74	33	
-1	5	-5	16	30	82	162	75	45	
-1	5	-6	15	28	82	163	70	70	
0	5	-6	15	28	84	163	67	53	
0	5	-6	15	29	86	162	76	41	
2	5	-6	14	29	90	162	79	52	
0	5	-8	13	31	90	164	76	57	
-2	5	-10	13	31	87	165	77	40	
-1	2	-9	14	30	87	160	77	35	
-1	3	-8	11	30	86	162	77	36	
-4	3	-7	11	30	87	166	77	4	
-3	3	-7	12	30	87	164	76	26	
0	2	-6	13	30	84	164	75	48	
0	1	-4	13	30	84	165	78	45	
0	2	-4	12	30	86	166	83	60	
-1	2	-6	12	30	87	166	80	31	
-1	2	-7	13	28	86	166	77	14	
-2	2	-7	13	27	86	162	78	32	
-5	4	-6	13	27	86	160	80	52	
-2	2	-7	11	27	86	160	80	40	
-2	1	-8	11	27	86	159	76	29	
-4	4	-9	11	27	86	161	76	37	
-4	4	-8	12	27	86	162	78	42	
-4	2	-9	15	27	86	162	76	37	
-3	3	-9	15	26	86	161	74	22	
-2	4	-8	15	27	87	159	77	21	
-2	2	-8	16	27	87	160	78	29	
-2	2	-6	18	26	86	162	78	36	
-3	3	-7	17	27	87	162	79	21	
-3	2	-7	14	26	85	161	77	36	
-5	0	-7	12	25	84	159	75	47	
-6	1	-7	13	26	85	162	78	39	
-4	4	-7	13	26	86	165	73	19	
-4	0	-6	12	26	86	163	72	19	
-4	0	-6	14	26	85	159	76	32	
-3	2	-8	15	25	85	162	78	35	
-4	2	-8	16	27	88	165	80	38	
-4	1	-6	16	27	87	166	78	52	
-3	3	-6	12	28	85	167	77	40	
-2	4	-6	10	28	89	164	78	30	
-5	0	-7	12	27	89	164	78	34	
-5	0	-7	13	26	89	167	79	26	
-5	2	-7	12	27	88	167	80	18	
-6	1	-7	11	26	88	166	78	15	
-6	0	-7	14	26	86	165	77	26	
-1	1	-7	17	26	88	165	75	35	
-1	0	-8	18	25	89	166	72	23	
-4	0	-8	14	25	87	164	73	17	
-3	1	-7	14	25	85	164	77	38	
-1	1	-7	15	26	86	164	77	38	
-1	1	-8	13	25	86	164	76	31	
-3	2	-7	15	25	86	167	77	37	
-7	3	-7	15	28	87	168	78	38	
-8	1	-8	14	28	87	167	79	42	
-7	1	-10	14	28	87	166	78	55	
-6	2	-10	14	26	87	166	75	25	
-5	3	-9	15	25	87	167	75	-11	
-3	3	-9	16	26	88	168	77	23	
-3	2	-8	16	27	88	170	80	33	
-3	3	-9	15	27	88	170	78	38	
-3	4	-12	14	25	88	169	74	42	
-3	4	-11	14	24	86	171	74	25	
-3	4	-11	16	28	86	174	77	27	
-1	4	-13	18	28	89	174	78	53	
-2	5	-12	20	26	89	169	75	61	
-7	4	-12	18	26	87	168	76	82	
-5	1	-13	17	29	88	169	80	51	
-5	2	-13	17	30	88	169	81	33	
-6	3	-14	17	29	87	171	81	27	
-6	3	-14	18	28	87	171	80	26	
-5	3	-13	16	28	87	168	79	34	
0	0	-11	14	26	86	166	77	44	
-6	2	-11	15	26	86	167	75	22	
-6	2	-14	15	28	85	167	72	17	
-5	3	-14	15	28	84	166	76	31	
-5	2	-11	15	27	84	165	80	35	
-5	1	-9	15	27	85	165	81	36	
-6	2	-10	18	28	85	165	82	49	
-11	1	-13	16	27	81	165	72	33	
-14	2	-14	15	25	78	163	65	28	
-9	4	-13	16	25	77	158	48	23	
-5	2	-15	16	25	77	155	39	23	
-7	0	-16	17	24	73	145	8	20	
-8	1	-10	14	22	71	136	-15	4	
-7	1	-10	13	19	63	118	-72	-29	
-7	0	-14	13	19	62	112	-115	-53	
-8	2	-14	13	18	57	98	-134	-67	
-8	3	-13	12	17	53	87	-166	-75	
-9	1	-10	9	19	69	146	67	32	
-8	1	-9	11	21	71	151	82	42	
-7	0	-9	13	22	71	151	89	46	
-6	3	-4	13	22	71	151	86	58	
-7	3	-4	13	23	72	151	86	79	
-7	1	-8	12	23	75	152	85	72	
-6	2	-10	12	20	75	154	86	59	
-6	2	-8	12	19	74	151	86	51	
-5	2	-8	12	20	75	149	86	55	
-5	4	-9	12	20	75	150	90	45	
-6	3	-9	14	20	74	151	90	41	
-6	2	-8	13	20	75	153	88	48	
-8	3	-8	9	20	73	152	88	52	
-8	2	-11	11	20	73	152	85	46	
-9	0	-10	10	22	73	153	86	30	
-9	0	-9	9	23	72	153	88	37	
-5	0	-10	9	21	72	151	86	46	
-5	0	-9	9	21	72	150	87	65	
-7	2	-9	7	21	72	152	90	54	
-5	2	-9	7	20	73	153	87	23	
-5	1	-10	9	20	75	153	85	36	
-7	2	-12	9	20	72	152	87	49	
-7	0	-8	9	21	72	149	86	40	
-6	1	-10	10	22	72	149	83	46	
-6	3	-11	13	22	73	150	84	47	
-6	4	-11	12	22	74	151	86	51	
-7	5	-12	8	21	74	154	84	44	
-7	4	-10	8	21	72	145	65	34	
-5	3	-8	8	21	70	140	51	25	
-6	3	-9	6	17	63	127	13	13	
-12	1	-9	6	17	51	108	-45	-2	
-12	1	-11	4	15	48	98	-80	-11	
-6	2	-11	2	10	42	78	-142	-44	
-7	2	-6	1	11	57	119	18	16	
-7	2	-6	1	17	68	144	81	48	
-7	1	-6	3	19	71	148	95	45	
-7	0	-5	5	19	73	148	98	48	
-5	0	-5	6	19	73	147	98	55	
-4	0	-4	9	19	72	147	98	56	
-5	0	-4	9	18	71	146	96	57	
-5	0	-5	7	17	72	145	94	35	
-5	2	-5	7	15	70	148	95	44	
-4	4	-5	9	16	70	148	97	64	
-4	4	-5	7	18	71	147	99	60	
-6	3	-4	7	18	71	149	96	37	
-5	3	-5	3	18	73	148	96	25	
-6	4	-9	1	18	72	148	97	44	
-9	2	-7	4	19	71	149	100	64	
-5	1	-7	5	20	71	149	101	58	
-5	1	-8	2	20	71	148	97	31	
-8	0	-6	2	19	71	147	95	34	
-6	0	-8	5	19	71	149	97	63	
-6	-1	-9	4	19	70	147	97	74	
-9	-1	-12	1	20	71	148	93	51	
-9	-1	-12	3	20	73	150	93	39	
-8	0	-7	5	20	71	149	97	59	
-7	0	-6	5	19	71	149	100	65	
-8	0	-5	7	19	73	151	98	62	
-9	1	-5	8	19	72	151	83	49	
-9	1	-10	6	17	68	139	69	40	
-8	0	-10	5	14	58	123	35	31	
-7	0	-11	4	11	55	115	15	30	
-9	0	-11	2	11	49	99	-23	20	
-12	-1	-10	1	10	47	90	-42	7	
-10	-3	-11	0	8	44	0	0	0	
0	0	0	0	14	53	110	30	30	
-5	1	-3	5	18	58	124	60	52	
-5	2	-2	5	20	66	143	96	63	
-6	2	-2	6	20	66	142	97	60	
-7	3	-4	6	20	65	142	99	60	
-7	3	-3	5	20	65	142	104	73	
-5	3	-4	4	20	67	144	100	85	
-7	2	-4	5	20	68	145	98	69	
-8	0	-4	5	23	68	143	98	67	
-6	2	-4	5	21	67	143	100	53	
-5	5	-4	6	20	68	143	100	53	
-6	4	-5	6	21	71	144	98	70	
-6	3	-3	8	20	69	145	97	65	
-7	2	-3	8	20	67	143	97	60	
-9	2	-5	5	20	66	143	100	70	
-8	4	-5	6	19	67	142	100	53	
-7	4	-3	7	19	65	142	97	58	
-5	4	-3	6	21	65	142	98	66	
-7	5	-3	6	21	65	142	95	57	
-8	6	-3	8	20	64	143	96	61	
-4	6	-1	9	19	67	143	99	61	
-1	6	0	7	21	69	143	100	64	
-2	5	0	5	22	68	147	100	58	
-4	6	0	6	22	65	145	95	45	
-4	6	0	6	21	64	137	83	36	
-4	4	-2	4	19	61	127	53	32	
-2	4	-4	4	19	55	115	17	18	
-2	4	-3	4	17	51	107	-4	4	
-5	4	-2	6	12	40	89	-53	-23	
-3	6	-3	8	10	37	80	-104	-36	
-2	3	-2	0	14	45	104	18	29	
-3	3	-1	0	16	52	129	83	54	
-4	3	-2	0	18	61	138	100	66	
-4	3	-4	0	18	61	139	107	84	
-4	4	-4	1	17	61	137	106	77	
-4	4	-4	1	17	62	137	106	60	
-3	3	-3	0	18	62	138	110	75	
-3	3	-3	1	18	63	138	111	68	
-2	4	-5	1	17	65	137	108	61	
-2	4	-4	1	17	62	137	110	89	
-4	6	-4	2	18	61	137	109	83	
-3	6	-3	2	18	63	140	105	98	
-3	5	-1	1	17	63	140	106	79	
-5	5	0	1	17	61	138	108	66	
-4	6	0	2	19	62	137	106	66	
-2	5	0	3	19	64	137	108	64	
-2	5	0	4	18	63	139	110	61	
-3	7	-2	4	18	62	139	108	64	
-3	6	-1	4	17	62	137	108	71	
-3	6	-1	4	17	62	140	107	86	
-4	6	-2	3	18	63	140	107	69	
-4	6	-2	3	19	63	140	111	69	
-3	6	-2	3	19	61	140	110	76	
-4	8	-2	3	18	61	139	109	64	
-4	6	-2	3	18	63	139	108	86	
-4	5	-2	2	17	61	138	110	77	
-4	8	-3	4	16	61	139	108	71	
-4	10	0	7	16	61	137	105	55	
-4	10	2	6	16	60	136	108	74	
-4	9	2	4	15	61	138	110	77	
-3	9	0	4	14	61	138	107	59	
-4	8	0	6	15	61	137	107	70	
-3	8	1	7	15	60	136	102	61	
-4	8	1	5	12	55	125	71	38	
-6	5	1	3	12	52	115	32	26	
-6	5	0	3	11	47	108	9	20	
-5	6	1	2	6	38	87	-49	4	
-5	6	1	0	6	35	78	-82	-26	
0	0	2	5	10	53	102	28	31	
-2	5	3	7	11	56	112	52	42	
-4	5	2	6	13	62	128	102	52	
-2	5	1	2	14	62	131	116	54	
-1	5	1	2	14	60	130	118	70	
-2	6	1	4	14	61	130	116	79	
-1	5	1	4	13	62	131	117	89	
-3	2	4	5	13	63	129	118	92	
-5	2	4	5	14	62	129	118	85	
-4	4	2	4	17	62	131	119	77	
-3	5	2	4	17	63	132	119	73	
-4	5	3	5	14	60	133	121	72	
-4	5	3	6	13	60	131	117	71	
0	5	1	8	13	63	129	112	76	
-1	5	0	6	14	63	130	117	83	
-4	4	0	5	14	62	131	118	76	
-4	3	0	6	14	62	129	115	59	
-3	5	2	7	13	62	130	118	73	
-2	6	3	7	12	62	130	117	84	
-2	5	5	6	13	62	131	118	79	
-2	4	3	4	13	61	131	119	93	
-3	5	2	7	14	59	132	114	91	
-3	5	2	8	13	61	134	115	74	
-1	4	2	5	12	66	133	115	68	
-2	5	0	6	11	65	128	101	62	
-2	6	-2	3	11	63	121	83	52	
-2	8	0	2	10	60	118	77	44	
-3	7	0	3	8	56	111	52	27	
-4	6	-1	1	7	53	106	22	7	
-3	5	0	1	6	47	95	10	-3	
-1	5	0	2	6	43	85	-15	-22	
0	6	0	5	6	41	85	-28	-25	
-1	7	0	4	5	37	78	-52	-33	
-4	7	0	2	4	33	70	-73	-47	
-2	7	1	2	4	31	67	-82	-59	
0	0	0	0	0	0	0	38	16	
-2	3	3	1	11	48	112	68	32	
-2	3	3	2	15	57	128	109	58	
-3	3	2	1	16	60	132	118	68	
-2	2	4	3	17	60	133	121	79	
0	2	4	4	17	60	132	122	82	
-2	2	3	5	17	57	130	119	73	
-3	0	2	6	18	57	129	121	71	
-4	2	5	2	17	58	129	124	66	
-6	2	5	1	17	57	129	122	51	
-6	1	2	3	18	57	130	118	37	
-3	-1	1	3	16	59	128	117	49	
-3	-1	4	1	16	59	127	120	68	
-2	1	5	1	16	59	129	125	87	
-2	1	5	1	16	59	127	126	83	
-1	1	4	0	15	58	127	125	78	
-3	2	3	0	16	58	130	125	78	
-3	2	4	0	17	60	130	121	97	
-3	2	3	0	14	59	128	115	94	
-6	2	3	3	14	58	129	119	73	
-6	2	3	1	14	58	130	123	71	
-5	2	1	0	14	58	129	124	72	
-4	3	1	3	14	59	127	125	64	
-4	3	3	5	15	57	131	123	30	
-5	3	4	2	15	55	131	121	23	
-6	2	3	2	13	56	129	124	64	
-6	3	3	4	13	57	131	120	75	
-5	4	3	3	14	53	123	98	53	
-4	4	6	3	13	51	115	87	41	
-4	3	6	3	10	46	103	58	15	
-5	2	3	3	10	42	97	41	3	
-5	3	3	2	10	37	84	8	-17	
-7	4	4	2	10	36	77	-6	-39	
-7	4	4	2	11	35	70	-35	-61	
-6	5	4	1	11	34	68	-47	-62	
-1	2	5	5	14	39	96	31	-1	
-2	2	5	4	16	44	107	84	40	
-1	2	5	3	18	53	124	109	63	
-1	2	5	5	17	59	130	127	76	
-1	2	6	7	17	57	130	126	68	
-3	2	5	8	17	54	128	124	83	
-3	2	5	4	16	54	126	123	83	
-1	3	5	5	16	54	127	124	77	
0	3	5	7	16	54	128	125	90	
-3	2	5	6	16	54	126	122	104	
-5	0	4	3	16	53	125	122	84	
-5	0	1	3	17	53	126	125	67	
-5	0	1	5	18	54	127	122	63	
-5	0	0	5	18	54	129	124	53	
-4	2	1	5	19	54	129	127	57	
-4	3	3	5	19	54	127	125	79	
-4	3	4	5	19	54	127	128	51	
-1	1	2	4	21	56	130	131	43	
-1	1	0	4	21	56	131	128	51	
-6	1	0	3	20	56	129	123	69	
-5	1	3	5	20	55	128	124	75	
-4	1	3	5	20	51	128	124	53	
-3	1	3	5	19	51	126	123	65	
-1	1	4	6	19	54	127	127	93	
-2	1	3	5	18	52	128	129	80	
-3	1	2	6	18	50	129	123	91	
-2	0	2	6	17	52	129	123	87	
-2	1	3	3	15	52	128	124	73	
-2	1	3	3	15	51	128	125	89	
-3	0	2	6	17	50	128	125	99	
-3	1	3	7	17	50	129	127	97	
-3	1	2	7	16	52	127	128	68	
-3	0	4	4	17	52	127	128	72	
-4	0	3	4	17	50	125	117	70	
-3	1	2	7	15	45	110	73	44	
-2	0	2	7	12	43	101	20	20	
-2	2	2	5	11	36	87	-7	8	
-2	3	4	5	9	29	69	-60	-33	
0	2	6	4	12	31	85	16	6	
-4	2	3	4	13	32	96	68	37	
-2	1	1	5	13	39	111	90	57	
-2	0	1	7	15	47	122	119	84	
-5	0	0	6	15	47	123	127	108	
-4	0	0	6	15	50	123	129	99	
-5	1	1	5	15	50	123	126	88	
-3	1	1	4	14	49	126	129	109	
-5	2	1	6	14	50	127	130	106	
-8	2	1	3	16	49	126	127	86	
-8	2	1	5	17	48	125	129	89	
-5	3	2	5	18	50	127	133	100	
-5	2	4	4	16	49	126	130	97	
-4	2	5	6	15	48	123	126	74	
0	1	5	4	15	49	123	127	74	
-2	0	5	5	15	49	123	128	87	
-7	0	4	5	14	46	124	130	88	
-6	0	4	3	16	45	123	131	71	
-6	0	4	2	17	47	125	130	90	
-6	1	4	3	17	49	127	130	87	
-5	1	5	6	16	47	124	128	84	
-1	2	6	5	16	47	121	126	62	
-2	3	6	6	16	49	120	122	44	
-5	2	5	7	16	48	121	125	73	
-6	2	6	5	15	47	123	128	87	
-8	2	6	5	17	47	126	130	90	
-9	1	2	3	17	46	125	129	92	
-8	1	1	2	16	46	122	116	81	
-7	0	2	4	15	45	119	100	78	
-6	0	2	4	15	38	105	47	55	
-7	0	0	4	14	34	86	-12	30	
-8	0	-1	1	10	27	76	-39	14	
7	3	1	2	-3	2	-5	237	63	
5	3	1	1	-5	1	-8	233	55	
8	3	0	2	-5	4	-7	229	48	
9	3	0	2	-4	5	-7	226	44	
8	4	0	2	-5	0	-9	217	43	
9	4	0	3	-5	1	-10	211	47	
7	4	-1	1	-5	0	-16	193	36	
6	3	0	0	-5	-3	-19	182	31	
5	2	0	0	-4	-4	-26	155	21	
5	4	-1	2	-5	-8	-34	133	0	
0	0	0	0	0	0	0	0	96	
-5	-2	3	4	17	39	116	124	101	
-5	0	3	4	18	39	116	122	70	
-6	0	5	3	18	40	117	128	64	
-6	-1	1	-1	17	43	117	132	83	
-6	-2	-1	0	17	43	116	127	100	
-8	0	0	2	17	42	115	124	108	
-8	0	0	0	17	41	118	124	84	
-7	-1	1	1	19	42	118	127	80	
-7	-1	2	0	18	43	118	129	74	
-7	-2	3	1	20	42	116	128	71	
-7	-1	2	1	20	38	108	112	62	
-7	1	0	0	17	36	104	90	61	
-9	1	0	0	15	34	101	75	59	
-9	1	2	1	15	30	89	33	32	
-9	0	2	0	13	27	80	7	0	
0	0	0	0	0	35	81	50	57	
-3	1	0	0	11	38	93	81	71	
-3	1	2	2	15	44	108	121	78	
-3	3	1	2	17	45	110	127	86	
-3	3	-1	2	17	44	109	128	105	
-3	3	-1	5	17	44	110	127	102	
-3	4	0	5	16	45	109	125	82	
-5	4	0	3	14	43	109	126	82	
-6	4	0	3	16	44	110	126	84	
-3	3	3	1	15	43	111	131	71	
-5	2	2	3	14	44	109	130	67	
-6	2	1	1	14	43	112	130	100	
-6	2	0	0	14	44	113	130	97	
-6	2	0	1	14	44	111	129	91	
-6	2	1	2	12	42	112	129	105	
-5	2	0	2	12	42	111	127	93	
-4	2	-1	2	13	45	110	127	89	
-8	2	0	1	13	45	112	129	91	
-7	1	0	2	13	45	113	129	98	
-3	1	0	2	13	48	113	129	89	
-4	3	2	0	12	47	114	129	91	
-4	3	2	2	12	44	111	128	89	
-4	3	2	3	12	45	108	121	82	
-4	1	2	4	10	40	98	95	59	
-3	1	3	4	9	39	90	79	53	
-3	0	2	1	6	30	74	38	45	
-4	0	1	0	3	24	0	0	0	
1	0	-3	1	10	27	73	41	52	
0	0	0	3	17	41	102	111	83	
0	1	3	6	18	47	110	134	103	
1	2	3	5	18	51	117	139	106	
1	3	0	6	18	50	120	136	99	
2	3	0	7	18	49	119	141	99	
0	2	2	4	18	50	117	145	90	
-4	2	0	3	18	48	117	141	92	
0	1	0	2	17	48	116	138	102	
0	0	0	2	16	50	116	140	97	
0	0	0	3	18	49	114	140	73	
0	0	0	3	15	49	114	137	77	
0	0	-4	3	14	50	114	136	103	
0	0	-3	2	14	50	114	139	102	
0	0	0	0	15	49	115	141	93	
-1	0	2	2	15	49	116	145	110	
-2	0	2	4	16	49	116	142	101	
-3	1	0	5	16	49	116	137	89	
-3	1	0	5	14	50	118	140	97	
-1	0	0	4	15	50	118	141	98	
0	1	0	6	18	50	117	143	93	
-1	1	0	4	18	50	118	143	101	
-1	2	0	4	17	49	118	143	104	
0	2	0	6	16	49	114	133	93	
-2	1	1	9	16	46	110	125	91	
-3	1	0	10	16	45	104	102	73	
-2	2	0	7	16	44	100	85	63	
-1	1	0	6	14	37	85	43	51	
-2	-1	-2	6	12	34	75	18	34	
0	0	0	0	0	0	74	44	56	
-3	0	1	6	18	36	89	84	75	
-4	0	2	8	19	44	110	147	109	
-6	0	3	8	20	42	115	163	124	
-4	0	2	6	21	43	116	168	118	
-2	0	1	6	21	44	117	165	112	
-4	0	0	7	22	45	117	163	112	
-4	0	1	7	24	47	114	164	126	
-3	0	5	8	23	47	114	168	126	
-1	1	5	10	23	46	115	165	118	
-1	0	5	9	24	47	115	168	128	
-2	-2	5	7	22	48	115	170	130	
-3	-1	1	5	21	48	114	166	130	
-5	0	-1	7	23	47	114	162	137	
-5	0	1	10	23	47	114	162	125	
-5	0	5	9	22	46	113	167	134	
-1	0	4	9	22	46	116	167	123	
-1	0	4	10	22	46	117	163	110	
-4	0	6	10	23	45	113	163	131	
-3	0	5	10	24	44	113	163	124	
-2	0	3	10	23	45	114	161	101	
-2	0	6	9	21	41	117	162	116	
-3	0	5	7	23	39	117	162	120	
-3	-1	3	10	23	41	116	166	118	
-2	0	4	11	23	43	117	172	133	
-1	0	0	8	23	43	115	169	123	
-2	-1	0	6	23	43	113	162	124	
-5	1	1	7	22	42	111	152	115	
-5	1	2	9	21	40	102	127	94	
-3	0	3	10	22	39	95	112	79	
-4	0	3	8	20	30	80	68	44	
-1	1	3	6	15	26	63	20	21	
0	0	0	0	0	0	70	51	44	
-2	2	0	2	16	30	85	87	68	
-2	2	0	7	20	44	106	145	110	
-4	0	0	9	22	46	110	162	123	
-4	0	1	10	23	46	113	171	124	
-4	1	0	10	23	46	115	167	125	
-4	2	0	8	21	46	114	166	146	
-4	2	0	9	21	46	113	169	138	
-5	1	0	9	22	46	113	174	132	
-5	0	2	9	20	46	114	174	142	
-5	0	3	9	22	46	116	174	147	
-6	0	4	8	22	45	114	175	148	
-7	0	4	8	21	44	113	172	130	
-5	2	0	8	21	44	114	174	139	
-5	2	1	8	21	47	114	174	134	
-5	2	1	11	20	47	113	172	146	
-5	1	2	11	20	46	111	171	144	
-5	0	1	7	20	46	111	171	141	
-7	0	0	9	20	43	112	171	138	
-6	3	0	12	19	44	114	170	152	
-3	3	1	10	20	47	114	172	153	
-5	2	1	10	20	46	113	174	140	
-2	4	3	12	21	46	114	174	137	
-1	4	3	14	21	46	114	172	139	
-3	3	2	13	20	45	112	171	119	
-2	3	2	12	21	45	106	153	114	
-2	3	2	12	20	42	102	134	115	
-2	3	2	11	17	37	92	94	95	
-2	3	1	10	16	37	86	54	82	
-3	-1	0	6	16	42	84	90	84	
-4	1	0	8	20	46	97	125	99	
-5	1	0	9	22	51	112	176	124	
-5	1	2	9	23	53	118	190	133	
-5	0	1	8	23	56	118	193	136	
-4	0	0	8	22	56	114	185	137	
-4	0	1	9	22	55	117	186	141	
-5	0	3	8	23	55	118	190	133	
-5	0	3	5	23	54	117	186	106	
-4	0	3	5	23	54	117	188	102	
-4	-1	2	8	23	54	117	189	124	
-3	1	2	9	23	56	116	187	132	
-1	2	3	9	23	58	115	189	137	
-1	0	1	9	24	56	115	187	139	
-1	0	1	7	23	53	115	185	135	
0	1	1	8	21	55	115	187	128	
-2	0	1	9	20	53	115	185	119	
-4	-1	0	7	21	54	114	186	140	
-2	0	0	5	22	56	115	189	154	
-1	0	1	6	22	56	116	189	158	
-2	-1	2	6	23	56	113	187	139	
-4	-2	3	8	23	55	114	185	133	
-4	0	2	8	23	52	115	188	139	
-2	1	2	7	23	53	114	187	110	
-2	1	2	8	23	57	116	187	113	
0	0	0	8	23	57	114	188	136	
1	0	1	8	25	55	113	183	118	
0	0	1	9	24	50	110	169	119	
0	0	1	6	22	50	108	166	119	
0	0	3	6	22	51	106	151	103	
-2	-1	3	7	20	49	101	121	86	
-2	0	2	7	16	40	87	102	74	
-1	-2	1	4	14	28	56	19	41	
-1	-3	1	4	14	32	64	45	52	
-1	-2	0	4	15	39	81	99	88	
-2	-2	0	4	16	43	98	154	112	
-1	-1	1	7	18	50	105	174	115	
-1	0	1	7	18	52	112	193	130	
-5	1	0	9	18	49	111	191	130	
-4	1	0	9	21	49	108	186	97	
-3	1	3	6	21	53	108	187	97	
-3	2	4	8	20	53	109	191	114	
-1	2	3	12	19	53	108	190	114	
0	1	2	11	19	53	111	191	99	
0	2	1	10	19	52	112	191	103	
0	2	3	10	18	51	110	188	117	
-1	2	5	7	20	50	112	189	131	
0	2	3	8	19	51	112	187	135	
0	1	2	8	17	50	107	182	131	
0	0	2	9	18	51	107	184	118	
-2	0	2	9	20	52	111	187	133	
-1	1	2	9	20	52	110	187	126	
-1	3	2	9	18	51	110	189	148	
-1	1	2	9	18	51	110	190	141	
1	0	1	10	17	54	111	188	133	
1	2	4	11	17	56	113	187	131	
0	3	6	11	18	54	114	188	153	
0	3	5	11	18	51	113	190	133	
0	3	5	10	18	51	112	189	106	
0	3	5	11	16	50	109	173	122	
1	5	5	10	14	46	106	160	112	
1	5	3	11	13	42	93	122	98	
0	3	4	14	12	42	86	100	101	
0	3	0	0	0	0	0	0	0	
0	0	0	0	10	28	53	24	44	
0	0	7	10	10	32	59	44	45	
0	-1	7	10	10	37	71	98	74	
-2	0	6	12	11	39	82	158	107	
-1	2	3	13	14	46	98	179	122	
0	2	3	13	14	48	100	194	109	
0	2	7	13	14	48	100	194	109	
0	2	7	13	14	49	99	190	123	
3	0	7	14	15	50	99	189	124	
3	0	7	13	15	50	100	191	123	
0	0	6	11	15	48	99	192	141	
0	0	6	14	17	49	99	191	150	
-1	-2	4	14	17	48	101	193	137	
-1	-1	5	11	16	48	104	193	130	
0	-3	7	10	16	48	106	189	125	
0	-2	7	10	16	50	105	190	111	
-1	-1	7	9	19	50	106	193	127	
-1	-3	7	9	18	51	105	193	137	
0	0	6	9	17	50	103	192	135	
0	0	9	11	17	50	101	194	130	
0	0	9	11	18	50	100	193	121	
0	0	8	11	16	50	102	192	126	
1	0	8	11	15	50	104	190	144	
1	0	8	9	16	50	104	190	129	
-1	-1	8	7	17	51	105	191	114	
-1	0	8	9	16	51	105	192	131	
1	1	7	9	16	50	104	192	131	
1	0	8	8	16	49	104	194	135	
1	0	7	11	18	52	104	193	130	
1	-2	7	10	17	54	101	189	124	
2	0	7	11	16	48	92	158	108	
1	3	7	13	17	45	91	141	92	
1	2	7	12	13	41	81	107	81	
0	0	0	0	9	26	51	20	47	
3	2	3	10	11	28	55	45	56	
3	2	4	9	13	37	73	98	88	
0	2	5	9	13	40	81	126	99	
-1	2	5	10	14	47	96	179	119	
2	3	6	9	16	53	101	193	120	
5	4	4	8	16	52	101	191	121	
0	2	3	7	16	48	102	187	125	
-1	1	3	8	15	49	104	191	133	
4	2	8	10	15	50	103	196	130	
6	3	8	10	15	51	102	193	117	
2	1	8	8	14	49	102	193	122	
1	0	8	9	15	49	100	192	98	
3	0	6	12	15	50	101	190	89	
4	2	5	12	14	50	101	190	100	
3	2	6	10	14	51	101	191	123	
6	0	5	10	15	47	101	187	84	
5	0	3	11	17	48	101	188	93	
6	3	3	11	15	48	102	188	109	
6	3	5	9	17	48	103	193	112	
4	2	6	9	18	49	104	197	112	
3	1	6	9	18	49	105	197	123	
4	1	6	11	17	48	104	193	129	
4	1	6	10	16	48	100	193	123	
4	1	7	10	16	46	100	193	143	
3	0	6	10	17	45	100	190	140	
3	1	4	10	16	47	100	189	125	
5	0	3	10	16	47	100	191	124	
4	-1	3	9	15	48	101	192	129	
0	0	2	9	15	46	101	190	123	
0	0	2	10	16	45	95	177	118	
2	0	1	10	16	45	91	165	113	
3	0	0	8	11	41	79	138	95	
6	0	3	8	10	36	74	105	77	
0	0	3	8	10	27	43	50	50	
4	0	3	7	11	28	46	61	52	
5	1	4	8	10	28	54	79	56	
4	1	4	8	10	31	68	110	78	
5	0	6	7	13	41	76	135	101	
6	0	6	11	17	49	92	175	111	
7	1	4	12	17	49	96	184	111	
6	1	5	12	17	51	99	190	125	
5	1	5	12	17	50	99	188	128	
5	1	0	14	15	50	99	181	123	
5	2	-1	13	15	49	98	180	106	
4	3	1	10	16	47	98	190	111	
7	2	3	8	16	50	100	189	113	
6	2	2	7	15	48	100	191	128	
4	1	0	9	15	46	99	191	103	
6	1	2	8	16	48	100	189	103	
5	4	2	8	16	49	99	188	114	
9	3	2	7	15	49	100	189	130	
9	1	2	7	17	47	100	187	128	
5	0	0	11	17	45	98	182	114	
5	2	2	12	16	47	99	186	119	
6	2	3	11	17	49	99	186	114	
6	1	3	11	17	48	98	187	108	
7	2	4	9	16	46	97	190	110	
7	2	2	9	16	47	98	189	118	
5	0	2	9	16	47	99	189	120	
5	0	4	11	17	46	98	188	130	
6	3	5	12	17	46	98	185	125	
7	1	5	11	18	45	98	183	90	
6	1	9	12	18	44	98	185	102	
5	1	7	11	18	43	98	187	121	
6	1	7	9	17	44	95	177	95	
7	0	8	12	16	40	82	138	92	
6	0	7	10	16	37	78	111	76	
3	0	8	9	10	18	47	39	47	
4	0	5	9	11	26	67	95	67	
7	0	5	10	12	34	84	152	102	
7	0	5	10	16	34	91	173	109	
6	1	4	10	16	36	95	190	122	
6	0	4	10	17	37	95	192	114	
7	0	9	9	19	39	97	195	116	
7	0	9	8	19	38	97	192	127	
8	1	6	9	18	37	94	189	130	
6	1	7	8	17	35	94	191	123	
4	0	6	5	18	35	96	193	115	
5	-2	6	3	18	35	96	194	134	
5	-1	6	7	19	36	97	192	161	
5	1	8	9	18	38	99	189	144	
5	2	10	8	19	39	98	191	131	
6	2	10	9	19	39	95	190	146	
7	3	10	11	19	37	94	187	118	
7	3	10	11	19	39	95	190	93	
7	3	8	10	19	39	97	190	118	
5	1	8	7	19	39	98	190	125	
5	0	9	8	19	40	98	191	118	
2	0	9	9	21	37	98	193	144	
2	2	9	7	22	35	98	196	145	
4	1	9	4	20	36	97	193	117	
2	1	8	3	20	38	97	193	115	
3	1	8	5	20	39	97	193	121	
4	0	10	6	20	38	93	193	125	
4	0	10	6	23	40	94	196	135	
4	1	10	6	23	40	97	194	135	
4	-1	10	5	20	40	95	188	130	
3	-1	10	7	21	37	92	179	124	
0	1	11	5	20	33	91	173	115	
1	1	11	4	19	30	84	151	90	
6	1	12	4	20	30	79	123	58	
8	0	14	5	19	26	66	111	51	
5	3	10	6	20	25	65	101	55	
1	1	10	4	21	30	72	126	71	
0	1	10	4	23	33	89	168	103	
0	1	10	5	24	33	95	185	107	
2	0	10	5	25	35	100	201	124	
4	0	10	7	23	37	100	199	138	
3	1	10	7	23	35	99	196	125	
4	0	12	4	24	35	99	198	125	
5	0	11	3	22	36	100	197	148	
3	0	11	4	22	35	99	194	120	
2	0	11	7	22	33	98	195	94	
3	0	12	6	21	33	99	200	121	
3	-2	11	6	23	33	98	200	124	
2	-3	10	5	24	34	98	199	102	
1	-5	10	5	22	34	98	198	116	
2	-5	11	6	23	33	98	199	129	
3	-3	14	6	24	33	97	198	116	
5	-2	12	5	25	31	98	197	137	
5	-2	11	4	24	31	100	198	162	
2	-3	13	5	23	31	97	198	135	
1	-2	13	6	22	31	97	198	133	
3	0	13	6	24	32	99	202	113	
3	0	13	3	24	30	97	200	112	
4	-1	13	7	24	30	95	197	123	
4	-1	13	7	24	30	95	197	132	
3	0	11	6	23	31	97	196	133	
5	0	11	9	22	32	99	195	125	
3	0	12	6	22	29	99	191	114	
4	0	13	6	22	28	93	184	115	
5	0	14	5	23	28	85	158	103	
5	0	14	8	23	25	82	142	91	
0	0	0	4	14	12	39	17	27	
1	-2	10	4	14	12	42	31	34	
3	-2	9	5	14	16	54	63	52	
3	0	11	4	14	18	61	103	64	
2	1	11	3	16	24	75	125	81	
4	2	13	7	19	27	85	166	114	
4	2	14	9	19	28	87	182	124	
3	0	13	9	19	32	93	196	124	
4	0	12	8	19	31	96	198	132	
4	0	11	7	19	33	96	198	139	
4	-1	11	7	20	35	95	198	137	
4	-1	11	6	20	35	95	196	129	
4	-1	12	5	20	36	96	199	126	
5	0	12	6	20	36	97	201	132	
6	0	12	5	18	36	97	197	129	
3	-1	12	4	18	33	95	198	129	
2	-2	13	4	20	33	94	197	147	
4	-1	14	4	20	33	95	195	136	
3	-1	11	4	21	34	95	199	131	
2	-3	10	6	21	35	95	200	141	
3	-3	11	7	20	34	89	178	121	
0	-3	10	7	20	28	83	159	121	
0	-2	10	7	19	23	74	125	106	
4	-1	11	5	19	24	70	106	90	
1	-4	6	4	11	13	45	36	56	
2	-4	7	5	13	19	66	103	84	
1	-5	8	9	15	23	72	134	93	
0	-5	8	7	16	29	83	186	119	
1	-4	9	9	16	32	88	205	148	
0	-5	6	9	18	34	91	201	148	
0	-5	6	8	17	33	94	197	117	
-1	-5	9	10	16	32	94	201	110	
0	-3	9	10	16	33	95	201	123	
1	-4	8	8	18	35	94	199	120	
-1	-4	7	7	18	32	95	201	113	
-2	-1	7	8	18	31	97	203	119	
0	-2	7	8	18	31	95	203	130	
-2	-3	5	5	17	31	97	202	123	
-3	-3	5	5	17	32	96	201	125	
-1	-1	7	6	18	31	94	203	132	
-1	0	8	6	19	32	94	205	133	
-1	0	7	5	19	32	93	204	128	
0	0	6	5	18	31	93	202	109	
1	0	6	5	17	32	94	204	122	
0	1	7	7	17	31	95	204	133	
0	0	8	9	19	32	97	203	134	
0	0	9	7	19	32	96	203	140	
0	0	8	6	17	32	97	206	134	
1	0	7	6	17	35	97	206	149	
0	0	7	8	17	35	99	207	136	
0	0	9	9	16	35	101	206	126	
2	1	11	10	15	35	101	204	119	
2	1	11	10	17	34	98	206	123	
2	0	10	7	20	33	98	208	129	
1	0	11	7	19	29	92	191	118	
1	-1	12	9	16	24	74	130	97	
-2	-2	1	1	14	11	42	29	39	
-3	-2	2	2	15	15	60	96	76	
-1	0	3	2	16	17	71	128	91	
0	0	3	3	16	22	86	175	118	
0	-1	3	3	17	25	88	203	121	
-2	-3	2	2	19	26	89	207	120	
0	-3	2	2	19	27	90	206	128	
-2	0	0	3	19	27	93	205	132	
-2	0	0	3	18	28	94	204	110	
0	0	4	2	18	28	93	205	107	
0	0	2	2	18	28	92	207	121	
0	1	2	2	18	30	92	206	115	
0	0	3	1	19	28	94	206	119	
0	-1	2	0	18	26	93	206	142	
0	0	2	0	18	27	93	201	128	
1	-1	0	0	20	31	93	201	117	
1	-2	0	0	20	30	93	205	135	
0	1	1	0	18	25	94	203	124	
0	2	3	2	17	24	93	200	97	
0	1	3	3	17	26	95	204	107	
0	2	1	2	18	27	94	203	133	
0	1	2	3	18	26	91	201	105	
0	1	2	4	18	26	94	204	97	
0	0	1	3	19	25	94	206	117	
-1	0	1	6	19	25	94	202	127	
-1	1	1	6	17	25	95	202	103	
0	2	3	5	17	24	90	204	103	
1	2	3	5	19	25	90	205	105	
0	0	2	5	20	25	93	205	109	
0	0	2	5	17	24	93	203	135	
1	0	2	4	15	24	88	194	124	
2	1	2	0	14	23	82	178	99	
1	1	2	0	14	16	70	128	91	
0	0	2	1	14	13	63	105	84	
0	5	6	5	8	7	48	68	64	
2	4	5	4	8	15	57	100	76	
1	2	5	6	8	20	74	156	100	
1	3	6	2	9	22	80	196	119	
1	3	5	3	10	25	88	203	142	
1	3	5	7	11	25	85	202	136	
0	2	4	5	11	25	85	201	123	
0	3	2	5	11	26	88	201	134	
0	2	2	6	13	28	91	204	125	
1	1	4	5	13	27	92	204	106	
1	2	4	5	13	26	92	203	116	
0	3	5	7	13	26	91	202	130	
1	2	6	4	13	26	88	199	118	
0	1	5	4	13	25	89	202	113	
0	3	5	7	13	25	89	205	129	
0	4	5	4	12	27	90	204	124	
-2	3	6	6	12	27	91	203	114	
-1	2	5	5	12	26	88	203	113	
-2	2	4	2	12	25	88	204	124	
-2	1	5	1	12	26	88	203	121	
-2	1	6	3	12	26	88	205	116	
-3	3	3	9	13	24	89	201	122	
-1	3	3	9	13	24	89	200	126	
0	3	5	5	13	28	89	206	125	
0	3	4	5	12	29	88	205	125	
-2	6	4	5	12	26	88	204	132	
-2	5	3	4	12	27	89	204	135	
-2	3	3	5	11	27	88	203	156	
-2	4	3	6	8	26	85	195	138	
-2	3	3	3	8	26	83	185	122	
-2	3	4	3	7	21	72	148	91	
-2	3	4	4	6	17	66	129	63	
0	0	0	0	4	10	37	46	49	
0	3	4	7	4	14	48	67	54	
0	3	4	7	6	20	66	125	79	
0	3	5	8	10	23	74	175	107	
1	2	4	9	12	28	83	193	105	
1	2	3	10	13	29	87	201	122	
2	3	6	7	13	29	88	200	122	
4	4	6	7	11	26	86	199	111	
5	6	5	10	10	26	85	197	128	
4	5	3	10	12	27	85	197	133	
4	3	3	9	12	26	86	197	122	
4	3	5	9	12	26	86	198	125	
3	3	5	10	12	26	86	202	126	
3	2	3	9	12	25	86	202	147	
-1	2	4	9	13	22	88	200	137	
-1	1	5	8	14	26	88	204	118	
2	0	5	9	14	30	88	203	118	
2	3	4	10	13	28	86	196	88	
2	1	4	9	12	28	84	196	74	
1	1	5	9	14	29	84	196	88	
0	1	6	11	15	28	82	196	113	
-1	1	6	12	15	28	82	197	137	
0	2	5	12	15	28	83	195	139	
1	3	6	13	15	28	85	193	124	
1	3	3	13	15	28	85	197	122	
2	1	4	12	15	28	83	202	120	
1	0	7	11	14	27	82	198	120	
1	0	7	11	15	29	84	197	108	
1	1	4	10	16	30	84	198	111	
1	2	6	12	14	29	82	197	113	
1	2	7	10	13	31	84	198	109	
4	3	9	7	14	32	85	200	126	
4	3	9	10	14	30	83	196	120	
0	2	5	11	14	30	81	189	112	
0	1	6	11	14	27	81	183	116	
1	1	9	11	13	26	77	172	108	
1	2	8	12	10	25	71	158	96	
1	3	8	11	10	20	61	126	90	
1	4	6	10	10	20	60	109	88	
1	2	6	9	10	9	34	56	61	
1	0	4	4	13	15	47	92	71	
1	1	4	5	15	25	70	158	88	
2	0	8	11	15	26	76	185	100	
2	0	9	11	15	29	80	203	115	
3	0	1	10	16	30	80	200	107	
3	0	0	10	15	31	82	199	90	
2	1	4	10	13	31	81	200	113	
2	2	6	11	13	28	80	199	136	
2	4	6	11	13	29	82	199	118	
1	4	4	9	14	29	85	199	113	
1	3	4	11	16	27	84	197	77	
3	2	7	12	14	28	81	196	77	
2	2	7	12	15	30	83	199	117	
2	2	7	12	15	29	84	202	134	
2	3	7	12	15	30	84	200	120	
1	3	7	11	14	31	82	198	116	
1	2	6	11	13	32	81	198	123	
1	1	5	11	13	29	79	200	126	
0	3	4	10	13	27	79	200	101	
0	5	4	9	12	26	81	201	72	
2	3	4	9	12	29	81	201	98	
6	2	5	10	13	31	82	201	116	
6	3	6	9	14	31	83	199	118	
4	2	5	9	13	27	78	191	116	
4	3	5	9	13	21	64	157	99	
5	4	6	7	13	17	49	108	80	
2	2	3	5	5	2	19	21	53	
3	3	3	5	8	9	36	73	67	
3	2	3	3	12	17	52	117	79	
3	0	3	5	12	20	58	139	86	
4	0	4	6	13	28	73	180	94	
5	2	3	6	14	30	82	199	107	
6	2	4	6	16	31	83	200	119	
6	3	5	6	15	31	84	203	120	
1	2	1	4	15	29	84	200	100	
1	2	2	3	16	30	83	195	100	
4	1	3	2	16	31	84	199	117	
3	1	2	3	16	29	84	198	120	
1	2	2	6	16	29	83	195	98	
0	0	3	3	16	28	83	200	107	
0	0	3	4	17	28	83	202	125	
1	0	2	6	18	31	84	201	126	
1	0	1	5	18	32	83	200	119	
1	0	0	5	16	31	82	194	114	
1	0	2	4	15	30	82	194	116	
0	0	2	4	17	30	82	198	115	
-1	0	2	3	16	28	82	197	113	
0	0	2	2	16	29	81	197	112	
2	-1	3	2	15	29	75	180	93	
3	-1	4	4	14	25	70	163	84	
4	0	5	5	13	22	58	121	78	
4	2	1	1	7	10	28	26	40	
2	0	1	0	9	14	48	90	75	
1	0	1	2	11	22	57	118	81	
2	0	3	3	12	26	73	166	102	
3	0	2	4	12	29	79	180	114	
4	1	4	5	12	34	83	191	118	
4	1	4	5	11	34	83	191	111	
4	2	3	5	12	31	81	193	120	
4	3	4	4	14	31	81	192	118	
3	2	3	4	13	32	83	195	123	
3	2	2	4	13	29	84	195	146	
3	2	2	4	13	28	84	193	156	
2	3	3	3	13	28	84	195	139	
2	4	4	4	12	31	85	198	130	
5	4	2	5	12	31	84	194	141	
5	3	-1	3	13	29	85	191	132	
5	3	-1	3	13	31	86	194	119	
2	3	1	3	13	31	84	195	119	
1	3	1	3	12	30	82	192	107	
3	2	1	6	15	30	83	190	128	
4	3	1	3	15	30	85	190	148	
3	3	1	4	14	30	84	194	123	
0	2	0	5	14	29	86	194	132	
1	3	0	2	14	28	88	192	133	
4	4	1	4	12	28	85	190	107	
5	3	1	2	11	29	84	193	104	
3	1	1	1	13	29	85	194	115	
0	2	1	1	13	30	84	192	99	
0	2	2	1	13	31	85	192	104	
2	2	2	1	14	30	84	188	123	
3	1	1	1	13	28	77	160	107	
3	2	2	2	11	25	72	144	103	
5	3	2	2	10	20	62	105	79	
5	-1	0	0	13	18	46	63	63	
5	-1	-1	0	15	24	57	99	79	
5	0	-1	0	16	31	75	166	107	
5	0	0	0	16	33	82	191	113	
5	0	0	0	17	35	87	204	101	
5	0	-2	1	17	35	87	200	99	
5	0	-2	2	16	35	87	199	114	
4	1	0	2	15	33	89	201	121	
4	0	-1	1	15	33	88	202	136	
0	0	-1	2	15	33	90	201	118	
0	0	-1	3	15	32	89	201	113	
6	0	0	2	16	34	87	201	123	
8	1	0	3	16	34	88	198	108	
4	0	0	3	15	34	88	194	111	
2	0	0	2	15	32	87	197	134	
3	2	2	4	16	34	87	202	132	
3	2	0	4	16	35	88	202	130	
5	0	-2	3	15	34	88	206	130	
6	1	-1	3	16	34	88	203	125	
3	2	0	5	15	33	87	200	134	
2	2	-1	5	14	34	86	200	128	
2	1	-1	4	16	33	86	198	131	
4	0	0	3	16	33	87	198	119	
7	0	1	1	16	34	86	201	120	
5	0	0	1	17	33	86	201	118	
5	1	0	1	17	33	88	201	124	
5	1	2	2	17	33	87	202	128	
5	2	1	2	16	33	84	198	130	
3	2	-1	2	14	27	78	166	109	
3	2	-1	1	14	25	72	142	97	
6	2	0	0	0	0	0	0	0	
5	4	0	0	5	18	46	78	56	
5	4	0	4	6	20	56	112	75	
5	4	0	5	10	28	74	171	102	
5	3	0	4	12	31	80	191	114	
4	3	0	6	13	34	85	208	124	
4	3	1	6	13	33	85	202	127	
4	3	-1	4	12	34	86	200	128	
5	3	-1	2	12	32	86	200	115	
2	2	-1	2	13	30	86	200	104	
3	2	-2	3	12	31	86	200	114	
5	2	-1	4	12	32	86	204	134	
7	2	0	7	13	32	86	205	123	
6	2	0	4	12	34	86	204	130	
8	2	0	2	12	34	85	207	122	
7	0	1	3	10	32	83	204	114	
7	2	0	4	10	32	83	201	119	
8	4	0	3	10	34	84	201	129	
7	3	0	3	10	35	87	204	108	
8	5	-1	5	11	35	87	204	109	
6	5	-1	5	11	33	84	203	140	
3	4	-2	3	10	32	84	202	128	
3	3	-2	6	14	34	85	202	118	
1	2	-2	6	14	32	84	202	142	
2	4	-2	6	10	30	84	197	115	
5	4	-3	6	10	32	85	196	94	
5	3	-4	6	11	31	86	201	117	
5	5	-4	6	11	31	86	198	108	
5	6	-3	7	11	32	87	197	122	
7	6	0	7	12	32	87	201	143	
7	6	0	6	12	34	87	201	129	
5	5	-1	9	11	33	87	202	128	
5	5	-1	9	11	31	82	186	121	
5	6	-3	8	10	28	76	166	103	
5	6	-4	6	8	25	62	124	83	
0	5	-1	0	4	10	37	40	42	
2	4	1	0	5	15	49	82	57	
3	4	3	0	8	24	67	146	90	
1	4	-2	2	9	28	78	184	122	
2	3	-2	2	10	29	87	200	130	
5	5	0	4	11	30	87	198	128	
5	5	1	4	12	32	85	197	125	
5	5	0	3	12	32	85	201	114	
5	5	2	3	11	32	87	201	106	
4	8	2	3	12	33	91	199	116	
4	7	0	3	11	33	91	199	122	
5	5	0	0	11	34	89	200	111	
5	5	0	1	12	34	88	198	112	
5	5	2	2	12	34	89	198	122	
8	6	2	0	12	33	89	196	127	
10	6	2	0	11	33	88	194	124	
7	4	3	2	10	32	87	194	128	
6	5	0	2	9	32	87	192	114	
8	7	0	3	9	33	90	193	110	
7	5	2	5	9	31	89	197	118	
6	4	4	3	9	32	89	200	79	
5	4	1	2	10	32	90	199	99	
5	4	1	5	12	29	89	199	126	
8	5	2	5	11	29	90	199	120	
9	7	0	4	11	33	90	199	136	
9	9	1	4	11	31	91	200	129	
9	7	2	5	11	31	91	197	117	
9	7	2	5	9	31	89	197	128	
9	6	3	2	9	30	89	200	112	
9	4	2	2	10	31	88	196	111	
9	4	1	0	9	29	83	177	115	
9	3	1	0	9	25	76	144	95	
8	3	1	0	6	20	61	123	83	
0	6	2	-1	2	15	37	46	47	
10	6	3	0	4	18	49	127	76	
10	5	2	1	8	28	75	159	92	
10	4	1	1	10	33	90	196	125	
9	5	1	1	11	34	90	200	134	
10	8	0	2	9	34	89	197	126	
10	9	1	2	8	35	88	197	109	
12	7	4	1	10	35	88	200	102	
14	8	3	1	11	35	88	199	118	
13	9	1	4	11	34	88	197	128	
9	6	1	3	10	34	87	198	128	
9	5	3	2	10	33	84	200	121	
10	6	3	2	11	34	86	201	126	
10	7	2	1	10	35	87	201	141	
13	7	0	1	10	35	86	199	116	
12	5	1	2	10	34	84	199	95	
12	5	2	4	7	32	85	198	126	
11	6	0	3	7	32	86	195	125	
11	6	0	3	8	34	86	198	103	
12	7	2	3	7	36	88	201	100	
12	7	4	3	9	35	89	202	116	
12	7	4	3	8	33	86	202	128	
15	8	4	3	8	35	85	201	116	
13	8	6	4	7	32	87	203	113	
13	8	4	4	9	33	86	202	118	
11	7	2	1	9	32	85	199	129	
11	7	2	1	8	31	87	198	111	
15	7	3	2	8	32	86	197	91	
16	9	4	1	10	34	86	196	98	
15	8	3	1	8	32	77	172	114	
16	8	2	1	8	29	71	157	104	
16	7	1	0	5	21	59	124	79	
14	7	4	0	4	19	0	0	0	
10	6	1	-2	0	5	18	23	40	
12	6	1	-3	3	14	36	66	64	
12	5	2	-3	3	19	43	93	76	
12	5	3	-3	4	26	64	149	94	
12	5	3	-1	5	33	85	191	122	
12	6	2	0	10	35	89	198	125	
12	6	2	1	10	37	91	200	133	
12	6	2	1	9	37	89	200	127	
12	7	3	1	10	35	87	199	131	
16	7	3	1	10	36	90	199	134	
16	7	3	3	8	37	92	199	122	
12	7	1	3	7	37	92	198	98	
11	8	3	1	8	36	94	201	119	
12	8	6	2	9	36	93	203	139	
11	9	7	3	8	36	93	203	126	
11	8	5	2	6	36	91	200	125	
11	8	2	1	6	37	90	195	124	
9	7	2	0	7	37	91	201	119	
8	8	1	0	7	35	89	203	119	
9	9	1	0	9	35	89	202	127	
10	9	4	0	8	35	89	204	130	
11	11	6	0	8	34	89	201	125	
12	13	6	1	8	35	89	198	115	
11	12	5	-1	6	34	88	198	118	
10	11	4	0	5	33	89	198	122	
11	11	5	0	7	34	90	202	149	
13	11	6	3	8	35	89	207	140	
13	10	7	2	6	34	89	208	104	
12	8	7	2	6	35	89	205	122	
13	10	6	4	5	36	87	197	128	
14	12	8	4	4	27	70	161	108	
12	9	8	1	4	22	58	138	90	
12	0	0	0	0	0	0	0	0	
8	8	5	1	2	11	31	49	62	
7	9	5	3	4	21	57	120	83	
10	10	5	3	4	31	82	177	110	
9	10	8	3	8	34	88	194	126	
8	9	9	4	9	35	89	197	140	
8	11	5	5	7	35	90	199	138	
8	10	4	1	7	35	90	200	124	
8	9	6	1	7	35	91	200	119	
8	9	7	4	7	32	90	197	133	
8	9	7	2	8	33	91	196	133	
9	9	7	1	8	35	89	199	127	
9	8	7	0	8	35	89	200	121	
9	10	6	0	7	36	91	201	112	
8	9	5	0	6	37	91	199	105	
5	7	3	0	7	36	90	202	123	
5	9	1	3	7	36	90	198	124	
5	7	1	2	5	34	90	198	99	
4	5	10	-1	6	35	90	206	113	
4	7	10	0	7	36	91	205	122	
8	6	5	0	6	36	91	202	106	
6	6	4	0	6	35	91	201	101	
6	7	6	1	7	36	91	203	107	
8	9	6	2	6	34	88	191	112	
8	10	5	2	5	27	73	149	85	
6	9	4	0	5	0	0	0	0	
6	5	4	-3	2	13	35	34	31	
6	5	4	-4	3	16	59	101	66	
6	7	3	-2	5	26	69	130	81	
8	8	4	0	6	32	78	181	107	
10	7	5	4	8	38	90	195	114	
9	7	5	3	8	37	94	197	95	
9	5	4	-2	9	36	93	198	99	
8	5	3	-2	9	36	92	198	119	
5	5	4	0	10	37	91	198	127	
6	5	5	0	10	36	91	198	128	
6	6	3	-3	9	36	93	200	96	
7	6	4	-3	8	37	93	203	97	
8	5	5	-2	7	38	94	203	116	
8	5	4	-2	7	38	94	202	126	
6	6	3	-4	8	37	93	200	112	
6	5	3	-3	10	37	91	194	81	
7	5	5	-3	10	36	89	193	91	
7	6	5	-4	8	36	90	199	107	
4	5	3	-5	9	33	90	199	106	
4	7	4	-3	8	32	93	196	100	
7	6	4	-4	9	36	92	196	106	
5	4	1	-4	9	36	92	195	110	
5	5	1	-1	7	35	93	198	126	
8	3	4	0	8	36	91	203	130	
6	5	6	-2	8	36	92	199	107	
6	6	6	-1	10	37	93	201	120	
11	6	5	-1	10	40	92	201	129	
12	7	5	-2	8	38	94	199	117	
10	7	4	-2	8	37	93	200	99	
9	7	2	-3	8	37	91	187	108	
7	6	3	-4	7	31	77	168	94	
7	6	4	-4	5	25	60	119	60	
8	8	5	0	7	35	87	198	117	
11	7	7	0	7	35	85	198	112	
11	7	8	-2	6	35	85	199	110	
9	7	6	-2	7	35	85	201	109	
9	7	4	-4	7	36	87	195	113	
9	7	7	-4	7	36	85	196	111	
6	11	6	0	6	36	85	198	116	
6	11	3	-1	7	37	88	200	113	
8	9	6	-4	8	38	85	197	102	
10	11	7	-2	7	38	83	192	100	
9	12	9	-2	9	38	85	196	125	
7	11	10	-3	12	38	85	200	123	
7	9	10	-3	9	38	85	197	102	
8	9	7	-2	8	38	86	192	113	
5	10	6	0	8	38	85	195	128	
4	10	6	-2	8	38	83	196	113	
5	9	6	-4	8	38	84	197	111	
5	12	6	-3	7	38	85	198	99	
6	10	5	-7	7	38	83	195	102	
6	8	7	-9	8	38	83	195	114	
7	8	8	-5	8	38	84	197	114	
8	9	9	-4	8	38	83	195	115	
7	11	9	-4	10	36	84	194	108	
6	12	6	-4	7	36	84	194	93	
8	11	6	-3	7	38	76	172	94	
7	10	7	-3	11	36	70	155	100	
7	10	7	-3	9	33	65	116	76	
4	7	5	-7	6	20	29	17	26	
4	8	6	-5	6	19	47	78	50	
3	9	4	-6	7	27	58	110	64	
6	9	3	-6	8	35	73	168	104	
9	7	5	-4	8	38	79	194	114	
5	7	2	-5	8	38	80	191	112	
6	9	1	-3	7	37	81	190	113	
6	9	3	-3	8	38	80	196	121	
6	9	4	-3	8	38	78	193	114	
6	9	5	-2	8	38	82	197	117	
7	8	4	-1	10	36	82	198	130	
7	8	3	-1	10	37	81	198	151	
7	9	3	-1	7	40	81	197	132	
7	9	2	-1	5	38	81	193	115	
7	9	2	-2	5	38	83	196	107	
7	7	4	-3	7	37	82	195	88	
6	8	4	-3	7	37	82	191	90	
5	9	3	-3	7	38	85	191	108	
6	9	4	-2	7	38	85	197	125	
6	9	3	-1	7	38	82	197	141	
6	9	4	-2	7	40	83	194	131	
3	8	3	-2	8	39	84	194	112	
3	9	3	-1	6	38	83	195	128	
5	9	3	0	5	39	81	193	133	
5	11	4	0	8	40	84	193	109	
5	10	3	-3	6	36	81	190	102	
5	10	4	-2	6	34	77	184	107	
7	10	5	0	7	33	73	161	109	
7	10	4	0	5	32	68	141	104	
5	10	2	-3	3	26	54	100	85	
2	4	2	-1	1	17	38	57	59	
7	4	2	0	3	25	47	92	72	
7	5	2	0	5	33	64	153	97	
3	4	1	-1	8	36	76	177	112	
4	3	4	0	12	41	85	205	128	
7	5	5	-1	11	42	83	205	128	
4	5	4	-1	10	42	84	200	121	
4	6	3	-1	10	42	85	201	113	
5	7	4	-1	8	41	85	201	110	
2	6	2	0	8	41	86	201	129	
2	4	1	-1	9	41	87	202	150	
3	4	3	-3	9	39	86	200	128	
4	4	3	-3	9	40	85	201	114	
4	4	4	0	10	42	84	202	117	
4	4	5	0	10	42	84	201	88	
5	5	3	3	10	41	86	201	88	
5	7	4	5	10	41	85	201	113	
4	6	7	3	10	41	82	204	119	
4	5	7	1	10	40	84	206	114	
5	5	6	0	11	40	86	202	115	
6	4	4	0	11	41	83	202	111	
5	4	3	0	11	41	83	202	117	
5	4	3	0	12	39	82	196	124	
5	3	8	0	11	38	80	194	119	
5	3	7	0	9	36	76	180	107	
4	3	4	0	9	34	71	154	104	
5	3	4	0	9	33	63	140	99	
7	3	5	0	7	28	53	110	83	
0	3	4	-3	2	13	32	52	66	
2	2	2	-3	3	18	40	88	85	
3	3	5	-1	5	28	61	158	97	
1	4	5	0	7	34	80	201	113	
0	3	2	-3	13	34	81	206	93	
0	5	2	-2	12	33	83	208	98	
0	5	3	0	12	36	84	208	127	
1	5	4	0	13	37	84	207	100	
0	4	4	0	12	37	85	205	87	
0	3	3	-2	12	37	85	205	110	
0	4	4	-2	12	38	84	205	123	
0	4	4	-3	11	34	84	202	107	
2	5	5	-5	11	34	86	205	97	
2	3	6	-5	12	35	84	208	87	
2	2	4	-2	14	35	82	204	115	
4	3	1	0	13	36	82	205	126	
3	4	3	0	13	34	81	208	139	
2	4	5	0	13	34	80	205	138	
4	3	5	0	13	35	79	198	125	
3	4	5	-1	13	31	73	178	108	
3	5	5	-3	11	26	70	164	102	
4	3	4	-3	11	23	57	131	91	
4	1	4	-2	9	18	47	111	83	
4	0	2	-2	9	19	35	75	68	
5	1	1	-2	10	25	48	113	77	
5	2	2	-3	14	36	74	181	102	
4	2	5	-4	15	37	82	201	109	
4	2	5	-1	15	39	86	208	104	
4	4	4	1	15	41	88	209	116	
5	4	4	1	15	43	87	211	116	
7	2	5	0	14	43	86	212	115	
7	5	6	1	14	42	87	212	122	
6	3	3	0	14	42	86	208	125	
6	2	2	0	13	41	87	208	145	
5	1	4	1	14	41	85	210	135	
4	1	5	1	16	42	85	212	127	
5	4	4	-1	16	43	88	207	125	
6	3	6	-1	16	44	89	211	143	
4	1	6	1	14	43	88	210	126	
6	1	4	0	13	45	90	209	112	
9	3	6	0	15	45	90	209	130	
8	2	6	1	14	43	88	209	125	
5	0	6	2	14	46	88	210	101	
3	0	7	2	14	45	90	215	117	
4	0	7	2	14	44	89	216	117	
6	1	7	2	14	44	88	211	104	
5	2	6	0	13	44	87	207	93	
5	2	6	2	15	44	87	210	107	
6	3	6	3	15	44	88	208	115	
5	3	6	1	14	41	82	188	109	
5	4	7	0	13	37	77	167	93	
2	3	7	-3	8	33	62	152	86	
2	1	6	-5	6	28	44	116	71	
6	3	8	0	3	9	9	34	45	
4	2	8	0	5	14	17	51	48	
3	2	9	-1	6	22	36	95	66	
7	2	7	-1	6	29	46	122	83	
9	2	8	0	10	41	71	180	110	
4	2	8	0	12	45	83	209	119	
2	1	7	0	13	43	84	209	119	
5	3	9	1	13	44	85	206	105	
7	3	11	1	13	47	87	206	123	
6	4	7	1	13	48	87	204	139	
7	4	8	1	13	48	86	207	114	
6	3	8	-2	13	45	85	208	123	
3	4	8	-2	13	42	86	211	118	
5	4	9	0	11	42	85	210	114	
5	2	5	0	10	43	83	208	109	
4	1	4	0	13	44	87	208	128	
6	2	5	0	14	44	87	209	107	
6	3	5	0	13	43	86	210	83	
5	3	5	0	14	45	87	213	95	
5	4	6	-1	15	43	87	211	115	
6	4	6	-1	14	43	87	211	127	
5	4	7	-3	13	44	85	211	129	
5	5	9	-4	13	45	85	209	118	
6	5	9	-1	13	46	88	211	118	
8	4	8	1	13	46	87	211	124	
8	6	9	2	12	44	86	210	125	
6	6	7	1	11	42	86	214	115	
6	5	7	0	11	44	86	213	123	
5	5	7	-1	10	43	88	211	135	
4	6	6	-1	8	38	83	191	114	
3	6	5	1	9	38	76	167	94	
3	6	5	0	7	32	57	120	72	
0	0	0	0	0	0	0	39	46	
5	5	4	2	1	25	32	69	55	
5	6	7	0	4	33	55	132	74	
5	5	7	2	6	37	67	161	85	
5	4	6	3	7	45	82	201	114	
6	4	5	3	7	46	85	206	122	
7	4	8	4	8	46	86	208	121	
7	3	7	4	7	46	87	207	131	
8	3	6	5	7	46	85	203	102	
8	3	8	6	8	46	84	206	100	
7	4	8	3	8	46	85	209	120	
7	4	11	3	10	46	84	211	118	
7	3	11	7	8	46	82	208	94	
10	5	10	5	7	46	84	207	109	
10	6	9	5	8	46	86	207	117	
9	5	9	6	9	46	86	209	109	
7	5	8	7	8	44	86	209	105	
5	5	6	6	8	45	87	205	109	
5	4	6	3	8	45	85	204	118	
6	4	8	6	8	42	84	208	119	
8	5	9	5	10	45	89	208	100	
7	4	6	3	9	47	90	208	80	
5	3	6	7	9	47	88	205	98	
6	4	6	6	9	45	84	192	94	
6	3	5	6	9	39	72	158	83	
8	3	5	7	6	35	58	116	49	
7	1	4	-1	3	20	29	18	15	
7	3	4	-1	3	23	39	43	21	
7	1	3	2	3	24	45	61	29	
6	0	3	2	4	29	61	114	55	
2	0	3	2	5	33	70	140	68	
4	1	5	5	8	40	86	190	95	
6	2	5	5	8	42	89	204	107	
6	2	5	4	8	44	89	205	104	
6	1	8	4	10	46	90	211	115	
5	1	7	4	10	46	91	209	118	
5	0	5	3	10	44	92	209	117	
3	0	5	2	10	43	92	208	113	
3	0	5	0	10	46	94	207	117	
4	1	5	1	11	47	95	210	123	
5	2	4	1	11	47	93	210	103	
2	1	3	3	11	45	93	208	102	
2	1	3	4	12	46	94	209	130	
6	1	6	2	12	47	94	208	138	
6	1	4	2	12	45	95	211	127	
5	1	4	-1	12	45	94	213	127	
5	1	4	0	13	44	94	212	126	
6	1	5	1	13	45	92	212	129	
6	2	5	0	12	44	90	211	121	
5	2	6	0	13	44	93	209	89	
4	0	7	1	12	45	92	212	105	
7	0	8	6	11	45	92	215	117	
7	1	8	6	11	45	92	208	109	
6	1	9	4	8	44	87	195	93	
6	1	6	2	8	42	81	172	77	
3	0	6	2	8	37	78	146	53	
0	0	8	1	6	29	65	130	33	
0	0	7	0	6	0	0	0	0	
0	0	0	0	0	0	80	178	82	
4	-1	5	4	10	44	86	196	107	
4	0	8	4	11	48	95	213	117	
3	0	7	4	10	49	97	210	111	
5	0	7	6	6	48	94	210	126	
5	0	7	6	7	47	92	211	121	
6	0	7	4	8	47	92	211	104	
5	0	7	2	8	49	93	212	111	
5	0	7	2	8	49	94	212	132	
5	1	6	2	8	48	94	210	104	
5	1	6	3	9	48	94	210	90	
3	1	6	4	10	48	94	213	108	
3	2	5	3	9	49	95	213	101	
3	2	4	1	9	50	95	209	105	
3	1	1	1	9	49	95	209	112	
4	1	5	6	9	49	94	210	104	
4	2	8	9	9	47	96	210	105	
3	0	6	5	10	47	96	211	114	
4	0	4	3	12	50	96	211	114	
5	0	5	1	12	49	95	209	112	
9	1	4	2	10	52	95	208	115	
9	2	7	5	9	55	95	210	123	
3	0	9	5	10	52	94	209	119	
4	-1	9	4	9	49	89	200	107	
5	0	8	4	9	47	82	179	94	
7	2	10	4	8	46	78	163	83	
7	2	12	5	7	40	61	120	55	
7	-1	5	2	7	26	40	39	27	
6	-1	4	3	11	35	59	105	53	
3	-1	6	2	14	39	69	141	67	
3	-1	8	2	16	44	87	197	101	
4	-1	7	4	16	48	91	211	109	
3	0	7	6	15	48	92	211	127	
3	0	8	6	15	49	91	213	122	
1	-1	6	4	15	51	91	210	113	
2	-1	6	5	15	50	91	211	125	
4	0	6	5	13	51	92	212	133	
4	0	9	6	14	50	91	214	147	
3	0	7	6	14	50	91	216	113	
2	-1	7	5	13	49	93	214	106	
2	-2	8	6	12	46	93	214	121	
0	-1	7	5	12	45	91	213	128	
0	0	7	7	12	47	90	215	147	
2	2	7	9	13	50	92	217	129	
0	0	9	6	12	49	94	217	121	
0	0	9	6	12	48	89	213	101	
1	-1	8	6	13	48	90	212	118	
1	0	8	8	13	48	90	213	127	
2	0	6	9	13	48	90	213	120	
2	-1	5	7	13	50	90	214	123	
3	0	6	5	15	52	92	217	150	
3	0	7	6	15	50	91	216	137	
2	-1	9	5	13	47	84	204	104	
1	-1	8	5	13	45	80	186	102	
2	-1	7	6	9	36	66	135	75	
2	0	9	0	1	24	33	67	46	
3	1	7	4	2	27	44	98	62	
3	1	10	5	6	34	68	158	84	
2	-1	10	5	7	37	77	181	87	
2	0	10	5	8	42	87	215	111	
4	0	10	4	10	44	86	218	117	
4	1	12	6	12	45	86	216	117	
1	0	13	7	11	43	86	220	117	
0	0	11	5	10	39	88	221	110	
1	0	12	6	10	42	89	220	116	
1	0	12	6	10	45	88	219	124	
0	0	10	6	10	43	87	218	126	
2	0	13	8	10	43	86	218	117	
3	1	13	9	9	43	86	218	113	
2	1	9	7	8	44	86	218	123	
3	1	10	4	10	45	86	220	124	
4	1	12	4	10	44	86	220	111	
4	0	9	4	8	42	85	216	91	
6	0	8	5	8	42	85	212	100	
7	0	10	6	8	43	86	218	129	
5	0	9	6	7	42	85	220	97	
2	0	10	6	7	42	85	217	101	
2	1	9	6	11	43	87	220	120	
2	1	10	6	12	43	88	222	122	
3	2	10	7	11	43	86	220	115	
4	3	7	6	11	44	86	220	108	
4	1	7	7	11	44	85	222	108	
4	1	8	7	10	43	85	220	106	
4	1	9	8	11	43	86	221	118	
3	2	9	7	12	42	87	221	142	
3	3	11	7	11	41	88	222	154	
2	3	11	6	11	43	88	223	130	
2	3	10	6	10	44	87	219	109	
3	2	9	5	10	40	75	193	105	
3	2	7	5	9	33	69	177	101	
3	2	6	5	9	30	57	139	89	
3	0	6	5	7	28	48	117	0	
6	3	6	5	1	17	31	70	48	
7	2	6	3	1	21	50	115	53	
6	1	9	3	3	29	61	144	66	
6	2	9	6	6	36	79	194	100	
7	2	9	8	7	39	86	218	110	
6	3	9	8	7	43	89	219	114	
7	3	7	7	7	43	90	214	103	
8	3	9	9	8	43	87	213	102	
7	2	10	9	7	41	86	218	112	
7	4	10	7	8	40	89	220	104	
6	5	9	8	9	42	88	220	78	
4	4	9	8	8	43	87	216	80	
4	5	7	8	8	43	88	216	111	
5	5	6	8	8	42	88	216	109	
6	5	9	9	7	43	88	218	81	
6	4	11	8	6	43	90	218	92	
6	3	10	8	6	43	89	217	126	
5	4	9	8	8	43	89	217	114	
4	2	10	7	11	45	90	220	105	
4	1	9	8	11	45	90	221	81	
7	4	12	9	9	46	90	219	107	
7	4	10	10	9	46	92	220	124	
4	4	8	10	9	45	91	218	130	
5	4	9	10	10	45	90	217	123	
6	4	9	12	9	44	93	220	113	
5	3	10	7	8	42	91	219	110	
5	3	10	4	8	43	88	219	113	
5	5	10	8	9	42	91	219	120	
9	5	12	9	9	44	91	217	122	
8	5	13	9	10	44	87	208	115	
5	6	12	8	9	41	83	174	94	
6	4	8	5	5	35	66	152	77	
6	3	8	6	4	31	57	0	0	
0	2	9	4	0	14	22	28	22	
5	2	8	4	1	17	36	75	42	
7	2	8	4	3	24	44	105	63	
7	1	8	5	6	35	65	166	88	
6	3	8	6	8	40	76	193	96	
6	3	7	4	10	44	86	219	107	
3	3	6	5	11	42	86	214	84	
4	3	9	8	11	41	82	210	87	
4	5	11	7	11	43	82	213	112	
4	6	8	3	9	43	85	216	108	
2	4	5	3	6	43	84	212	113	
2	3	6	4	8	44	85	217	133	
7	4	10	5	11	44	84	218	118	
9	5	10	3	10	45	85	219	118	
8	4	8	2	9	45	85	217	107	
5	4	5	4	8	42	81	212	104	
6	4	6	4	8	41	81	212	120	
5	3	9	3	9	43	83	216	118	
5	4	9	6	9	43	83	213	126	
5	2	9	6	9	43	81	212	140	
5	1	8	3	8	44	81	213	134	
6	2	6	2	8	44	82	214	125	
7	3	6	2	8	43	83	216	123	
6	4	7	4	7	43	83	217	125	
6	4	6	2	6	42	82	218	115	
6	4	6	3	6	40	80	210	113	
6	5	6	6	6	39	77	199	106	
6	5	4	4	5	33	66	164	76	
8	3	4	2	5	30	49	123	46	
5	1	3	0	2	19	28	43	-2	
2	0	3	4	3	21	34	62	9	
2	0	3	5	2	24	39	95	44	
3	0	3	1	4	27	48	113	54	
3	0	2	1	7	31	61	154	70	
4	1	3	2	7	38	70	174	84	
4	1	5	4	7	40	79	204	112	
1	2	4	6	9	38	82	212	121	
2	4	4	5	9	41	82	213	131	
3	5	4	2	7	43	82	213	124	
3	4	4	2	7	44	83	213	114	
4	2	3	7	10	44	79	210	114	
4	2	2	5	10	43	78	209	116	
2	2	2	0	10	41	81	212	115	
2	2	3	1	10	41	83	214	101	
5	4	3	4	10	45	84	215	115	
6	4	3	5	10	45	84	215	119	
7	4	2	8	10	44	83	215	98	
5	3	3	7	9	43	83	214	98	
5	3	3	3	7	43	84	216	120	
4	3	1	5	8	42	85	214	112	
5	0	-1	5	9	41	85	209	98	
7	0	-1	3	8	43	86	211	116	
7	2	2	5	8	44	88	215	128	
6	3	4	8	8	42	87	212	125	
5	2	5	6	7	42	87	215	108	
6	2	5	6	8	43	87	218	100	
7	2	5	8	9	42	87	215	105	
6	2	3	8	7	42	87	214	105	
7	2	3	7	7	44	85	205	108	
8	2	4	5	6	42	75	167	95	
5	0	4	4	5	34	68	144	82	
5	0	0	0	0	0	0	0	0	
0	0	2	4	-2	16	27	16	10	
8	3	1	5	-4	16	31	33	35	
6	1	2	4	-1	22	43	77	39	
2	1	2	3	1	27	56	130	61	
4	0	0	3	2	27	62	153	80	
6	3	1	5	3	37	75	194	104	
6	4	3	6	3	41	85	213	99	
6	3	3	3	4	41	85	215	121	
7	3	2	4	6	41	83	214	122	
7	3	1	4	5	40	83	213	108	
7	1	0	2	2	40	84	215	138	
7	0	1	3	3	43	83	215	119	
6	3	0	3	4	43	83	215	96	
6	4	1	2	2	41	86	215	116	
6	3	1	2	2	41	87	215	132	
7	1	1	1	4	40	86	215	111	
8	1	4	3	4	42	85	216	105	
6	2	3	3	1	43	87	216	115	
4	1	2	3	2	38	86	215	114	
5	1	5	4	5	37	86	215	114	
6	0	7	5	5	37	86	217	132	
6	0	7	4	5	40	88	218	121	
7	5	6	4	4	39	90	216	114	
9	4	5	5	6	38	88	219	141	
8	0	6	4	6	38	86	219	112	
7	0	7	4	5	37	89	217	104	
6	1	7	4	5	37	89	217	118	
9	1	8	4	5	38	88	216	124	
10	0	7	4	5	38	86	212	114	
8	0	7	2	4	37	85	214	134	
8	0	7	2	2	37	86	207	119	
12	2	7	4	1	35	82	189	94	
11	4	8	1	0	29	75	161	88	
0	0	0	0	1	23	58	119	65	
8	3	8	0	3	30	70	156	99	
8	3	6	2	4	39	87	207	124	
9	3	5	3	5	41	89	215	122	
8	5	7	1	4	39	87	214	122	
6	6	7	0	5	36	87	213	138	
7	5	7	0	7	37	87	212	133	
7	2	5	0	6	38	87	214	120	
7	2	5	2	6	37	89	215	122	
5	2	3	1	6	36	90	212	104	
4	2	3	1	5	36	90	208	100	
6	0	4	0	6	37	90	210	117	
6	0	4	0	6	37	90	210	126	
4	1	5	2	6	37	90	211	114	
4	1	4	0	5	37	92	211	116	
5	2	3	1	5	37	91	210	105	
6	2	5	2	4	37	91	211	102	
6	2	5	2	4	35	89	212	117	
7	1	5	2	5	32	89	208	100	
9	1	8	2	4	33	90	209	66	
10	0	8	1	4	36	87	210	95	
10	0	8	0	5	38	87	212	119	
10	0	8	1	4	39	89	213	128	
9	2	8	0	4	38	89	214	135	
9	2	9	-1	4	35	89	211	107	
9	2	10	-1	3	35	89	210	100	
9	2	11	0	3	32	80	179	104	
7	1	10	0	2	23	61	120	79	
9	2	10	-1	5	35	88	207	119	
8	2	11	0	6	36	88	210	115	
8	2	11	0	6	37	86	207	120	
6	1	12	0	6	37	86	206	109	
6	1	12	0	5	37	88	206	101	
5	2	11	0	5	37	86	209	101	
5	2	10	0	5	39	85	208	94	
7	1	10	0	6	39	85	208	115	
7	0	10	0	7	38	85	209	135	
6	0	9	-2	6	38	85	206	105	
6	0	11	-1	6	40	86	209	78	
8	1	11	-1	7	39	90	210	95	
8	1	11	-1	7	37	90	207	102	
5	1	10	0	6	36	87	207	128	
5	1	9	0	6	36	85	206	133	
7	0	9	0	6	38	85	206	111	
7	0	9	1	6	38	87	210	118	
11	0	4	1	7	40	87	207	109	
11	0	4	0	7	41	86	205	104	
6	1	7	1	6	37	86	206	131	
6	2	7	1	5	37	83	206	115	
7	1	10	0	7	39	84	211	103	
7	0	10	0	8	39	85	211	102	
8	0	2	0	8	39	85	205	95	
8	1	1	0	8	39	86	206	97	
8	3	3	1	8	39	87	208	100	
8	2	3	2	8	39	86	208	114	
6	2	3	2	8	40	85	209	115	
10	3	5	1	9	43	85	208	96	
11	3	5	0	9	42	87	208	74	
7	2	3	1	8	39	86	208	96	
6	3	4	3	7	38	84	208	110	
7	3	6	2	8	36	83	212	122	
8	2	5	1	8	37	82	211	134	
7	3	5	1	7	36	82	206	120	
8	4	6	0	7	36	83	208	113	
7	3	5	0	7	36	82	199	102	
5	3	5	1	4	30	66	147	84	
8	3	5	0	4	26	56	121	66	
7	3	6	-2	1	18	31	41	6	
5	1	6	-3	2	22	42	77	28	
4	1	6	-1	5	22	49	97	41	
6	3	6	0	7	27	63	148	69	
7	4	6	0	6	32	72	194	94	
6	3	6	-3	9	38	82	210	100	
4	3	6	-3	10	37	81	211	110	
3	5	6	2	8	34	81	211	115	
5	4	5	2	8	36	82	209	75	
1	3	5	0	8	39	82	211	108	
0	2	6	-1	8	39	82	212	119	
3	2	6	-1	7	38	81	214	112	
3	2	2	-1	8	38	81	212	100	
3	2	2	-1	10	39	81	211	75	
4	0	3	-4	10	39	79	211	87	
4	0	4	-4	6	37	80	208	116	
2	1	5	0	6	36	84	209	125	
2	5	5	0	8	37	83	212	115	
3	5	7	0	8	36	80	211	96	
3	4	7	1	9	36	81	210	102	
5	3	4	0	9	38	82	208	111	
5	4	5	-3	9	37	81	204	88	
4	4	5	-3	9	37	81	206	97	
5	5	6	-2	10	39	84	210	122	
6	7	6	0	9	39	83	209	120	
6	6	5	1	8	36	77	193	98	
5	6	5	0	9	33	71	179	75	
5	7	4	-2	8	30	61	145	44	
3	6	4	-2	7	29	56	113	24	
4	7	5	0	10	27	43	90	17	
3	6	3	0	11	28	42	93	16	
3	8	2	0	10	28	42	101	13	
5	9	3	1	9	28	46	108	23	
5	7	3	0	8	28	53	128	46	
4	5	3	0	8	29	57	144	56	
4	5	2	0	10	30	60	175	80	
4	8	2	0	10	33	69	185	85	
2	7	3	0	10	35	74	195	90	
2	8	5	0	11	38	74	199	105	
1	11	5	-1	10	37	75	199	111	
1	10	5	0	8	35	76	200	99	
2	8	5	0	8	36	74	198	110	
0	7	6	0	9	36	74	198	109	
0	7	6	0	10	36	75	200	107	
2	7	6	0	10	36	75	197	130	
3	6	5	0	9	37	75	199	110	
1	7	8	1	10	34	75	201	96	
0	8	9	0	10	33	75	201	109	
0	6	5	2	11	35	75	201	101	
3	6	6	2	11	36	75	200	77	
4	8	6	2	10	36	74	200	95	
3	8	5	2	9	36	72	200	116	
5	8	5	2	9	36	73	202	132	
4	8	5	3	8	35	74	198	112	
3	9	5	2	10	35	73	195	79	
3	9	5	3	11	36	74	198	95	
3	9	4	3	10	35	74	198	101	
1	9	4	2	11	34	74	198	98	
1	9	1	2	12	34	71	184	103	
3	9	0	3	10	31	57	141	81	
3	9	5	3	6	28	47	121	70	
2	8	2	2	1	11	14	19	30	
2	6	1	2	1	13	22	54	40	
2	6	2	2	1	17	28	79	60	
3	6	1	2	3	27	43	127	72	
3	6	1	2	5	27	59	172	91	
1	6	0	2	6	32	64	188	98	
2	5	0	3	7	34	67	195	105	
4	3	3	4	7	34	65	195	111	
4	4	5	5	9	37	67	196	123	
5	4	4	5	11	36	67	190	102	
5	4	2	5	10	34	66	189	102	
2	3	2	5	9	35	67	192	114	
1	0	1	5	9	34	66	192	100	
1	3	0	5	7	32	66	192	107	
3	5	1	6	6	34	66	193	62	
3	6	2	5	9	34	67	196	101	
2	6	1	3	9	31	67	194	109	
1	5	1	0	9	32	68	194	113	
1	5	1	2	11	34	67	193	126	
1	4	1	2	11	36	66	192	114	
0	4	1	4	9	35	67	192	112	
0	4	1	4	9	34	67	195	116	
0	3	2	1	9	36	64	195	103	
1	3	1	2	8	36	64	190	98	
1	5	2	3	8	36	68	192	105	
1	4	2	2	9	36	69	193	109	
0	1	0	1	9	36	66	191	115	
0	1	0	1	7	36	65	187	102	
2	2	2	1	7	39	65	186	76	
3	2	4	1	8	39	62	169	72	
0	2	3	2	9	30	56	149	81	
-1	1	1	0	6	24	40	108	58	
-1	0	2	0	4	13	13	27	27	
-2	0	2	1	4	17	17	38	27	
-2	1	1	0	5	20	25	54	31	
0	0	2	0	4	20	26	64	35	
0	-1	0	0	3	20	29	88	47	
-1	0	0	1	4	20	41	117	73	
0	0	0	1	5	29	47	134	86	
0	0	0	2	6	33	55	169	101	
-1	0	0	4	6	34	60	181	109	
-1	1	1	3	7	35	67	189	113	
-1	1	1	2	8	35	64	189	113	
-3	0	0	1	7	36	62	186	90	
-3	0	0	1	5	35	62	187	108	
0	1	0	3	3	35	63	190	112	
0	0	0	3	3	36	62	190	101	
0	-1	0	2	3	35	63	186	99	
0	-1	1	2	4	35	63	188	103	
0	0	3	4	4	33	65	190	96	
-2	1	1	3	4	34	66	190	113	
0	1	0	3	2	35	65	190	111	
0	0	0	4	2	33	64	186	99	
-1	0	0	4	2	32	63	185	78	
-2	2	0	3	2	34	66	189	107	
-1	4	0	4	4	35	67	190	116	
0	4	1	5	4	35	68	190	93	
-2	0	0	4	4	35	67	189	84	
-2	0	1	3	4	33	64	192	95	
-1	1	2	6	2	34	65	192	107	
-3	1	0	8	2	35	66	191	116	
-3	1	-4	7	4	34	65	188	94	
0	1	-3	6	4	33	65	188	78	
-1	1	-1	6	4	32	65	192	91	
-1	1	-1	5	3	35	65	183	102	
-1	1	0	6	2	33	58	168	97	
-1	2	1	8	2	23	45	123	73	
-2	2	2	7	-1	22	39	101	59	
-3	0	1	3	-3	10	10	17	27	
-4	0	1	5	-2	15	21	46	28	
-4	2	1	5	-1	20	34	89	58	
-1	1	2	5	-1	26	42	115	70	
-2	3	2	6	0	31	58	162	87	
-5	3	1	7	0	31	64	190	105	
-5	1	2	6	0	32	65	192	107	
-6	1	2	5	0	32	65	192	89	
-4	1	1	4	1	34	66	191	91	
-2	2	1	5	0	33	65	191	114	
-3	2	3	5	0	33	66	194	104	
-1	4	1	4	0	33	65	193	90	
-1	4	0	4	0	32	64	191	109	
-6	2	2	4	-1	28	64	190	109	
-6	2	2	4	0	28	65	192	113	
-5	2	0	5	0	31	66	195	101	
-6	1	0	6	0	31	65	194	96	
-4	0	1	3	0	31	63	191	106	
-2	0	1	0	0	33	64	190	108	
-2	1	1	2	0	34	65	191	91	
-4	2	2	4	0	34	65	193	85	
-4	4	1	4	0	33	65	194	103	
-3	4	1	5	-1	32	65	194	109	
0	2	2	3	-1	32	63	192	82	
0	1	2	1	-1	33	64	189	76	
-1	3	3	1	0	33	63	192	99	
-1	4	2	3	0	33	63	193	107	
-1	3	0	3	0	32	65	191	85	
2	5	0	0	1	37	66	193	100	
2	5	0	0	1	37	66	194	113	
-3	3	4	2	1	30	59	183	97	
-3	1	4	2	1	25	40	127	76	
0	1	-4	0	1	12	19	36	35	
-1	1	-3	2	3	14	29	59	56	
-1	1	-2	1	4	20	45	113	66	
-1	0	-2	0	4	24	54	154	84	
0	0	0	1	5	28	57	182	97	
-2	1	0	2	5	28	62	188	108	
-4	2	0	2	5	28	64	188	116	
-1	2	0	3	6	28	66	189	115	
-1	2	0	2	6	28	67	188	108	
-1	2	0	4	4	28	66	188	111	
-1	3	2	3	5	29	66	189	102	
-1	2	1	1	7	30	67	187	81	
-1	3	0	5	6	30	69	187	87	
-2	3	-1	4	5	30	69	186	103	
-2	2	-1	0	6	28	69	186	110	
0	1	0	1	5	29	69	185	111	
0	1	2	1	5	29	68	183	113	
-3	1	3	0	6	28	70	186	101	
-2	1	1	0	6	28	71	187	93	
-2	1	0	1	5	31	68	186	92	
-2	0	1	1	5	30	68	186	106	
0	1	3	2	6	29	68	184	116	
0	2	3	1	5	30	65	187	82	
0	4	3	0	8	30	65	188	100	
0	4	1	-3	10	30	66	190	123	
0	3	-1	-3	9	30	64	187	121	
0	3	0	0	5	29	60	173	93	
0	4	1	1	6	25	50	138	72	
-1	4	0	0	6	23	44	0	0	
1	3	0	0	3	15	18	75	45	
0	5	0	-1	4	21	36	104	63	
0	5	0	-1	4	28	53	152	86	
0	3	0	0	9	33	61	173	94	
0	2	0	1	12	39	68	196	110	
3	3	0	2	11	38	67	196	106	
2	4	0	0	10	36	69	195	100	
2	4	0	0	10	36	67	197	86	
2	5	0	3	9	35	64	195	85	
2	6	0	5	10	35	65	195	97	
2	6	-1	6	10	35	66	195	110	
0	6	-1	4	10	35	67	195	108	
0	6	0	3	10	35	67	198	99	
2	6	0	5	10	33	66	197	101	
2	6	0	5	10	33	65	196	113	
2	4	0	3	11	35	64	197	133	
2	3	-1	3	12	35	63	195	129	
1	3	-1	3	10	34	63	193	100	
1	4	0	2	12	34	63	195	94	
2	4	0	2	13	32	64	197	105	
2	4	0	2	12	32	66	197	120	
1	4	-2	0	13	34	66	196	129	
1	4	-2	0	12	35	67	197	108	
1	6	-1	0	12	35	67	197	107	
0	6	-2	0	13	34	67	198	120	
0	4	-4	0	13	31	60	159	105	
1	4	-5	-1	8	25	43	129	72	
0	3	-3	-2	5	23	0	0	0	
-1	3	-4	-2	7	13	19	64	44	
0	3	-4	-1	8	17	27	93	57	
0	2	-5	0	10	24	48	144	79	
-1	2	-5	-1	12	28	65	186	103	
-3	2	-4	-1	15	35	66	197	105	
-2	3	-4	-1	17	37	68	200	108	
0	5	-4	1	17	37	70	201	116	
0	6	-4	2	17	38	70	201	108	
-1	4	-3	0	18	39	70	201	102	
0	4	-4	-1	16	39	70	200	95	
0	5	-4	0	17	37	69	198	88	
0	3	-3	3	18	37	68	200	85	
0	4	-6	2	15	37	67	202	92	
0	6	-5	2	15	37	67	198	107	
-1	2	-3	5	16	37	66	199	112	
-1	1	-6	4	16	36	70	199	106	
-1	2	-6	1	16	34	72	197	82	
-1	3	-4	1	15	35	69	198	88	
-1	3	-6	1	15	39	69	200	111	
-3	2	-6	1	17	40	69	200	86	
-1	1	-4	0	17	40	68	202	82	
0	1	-1	0	18	40	70	204	102	
-1	2	-1	2	17	40	71	204	97	
-3	4	-4	5	17	40	68	202	100	
-3	5	-4	4	19	40	69	201	126	
-3	5	-4	3	17	39	70	200	135	
0	5	-3	6	16	36	63	183	110	
0	5	-2	4	12	31	47	133	66	
-2	4	-2	2	0	0	0	0	0	
0	0	0	0	-6	-6	3	24	22	
5	-3	6	4	-7	-6	4	22	21	
5	-2	7	5	-6	-6	2	18	11	
4	0	7	6	-6	-7	0	6	3	
3	-2	8	6	-7	-10	-1	0	0	
3	-3	9	3	-7	-14	-10	-26	-13	
6	-2	8	3	-7	-15	-14	-47	-19	
7	-1	6	1	-8	-22	-28	-93	-41	
6	-4	7	2	-10	-25	-37	-114	-48	
6	-4	8	4	-12	-27	-51	-156	-65	
5	-4	6	3	-13	-32	-57	-174	-76	
6	-2	6	0	-12	-38	-66	-195	-92	
9	-4	6	0	-12	-36	-71	-201	-100	
8	-6	6	3	-12	-34	-71	-200	-76	
7	-4	8	3	-14	-37	-70	-198	-80	
6	-4	8	2	-13	-36	-70	-197	-94	
6	-4	7	1	-13	-36	-69	-201	-110	
6	-3	8	1	-13	-36	-66	-198	-105	
6	-4	9	1	-14	-36	-66	-195	-116	
8	-3	9	4	-15	-36	-66	-197	-116	
7	-3	8	4	-14	-37	-66	-200	-97	
2	-6	6	0	-15	-38	-68	-202	-96	
2	-7	7	0	-13	-38	-68	-203	-85	
7	-5	9	0	-12	-37	-66	-200	-80	
7	-3	10	0	-12	-38	-66	-202	-89	
7	-3	9	0	-13	-38	-66	-202	-101	
7	-4	9	-1	-12	-38	-65	-201	-81	
6	-4	9	0	-14	-39	-65	-203	-93	
6	-6	8	-1	-14	-38	-65	-202	-93	
6	-6	7	-2	-13	-36	-65	-199	-95	
6	-7	7	-1	-12	-33	-63	-188	-88	
7	-6	10	-1	-11	-32	-60	-178	-73	
7	-6	7	-4	-9	-28	-49	-151	-63	
4	-6	6	-2	-9	-22	-38	-119	-37	
4	-5	7	2	-9	-19	-28	-102	-24	
7	-5	10	3	-8	-12	-12	-67	0	
8	-5	8	3	-6	-8	-5	-39	22	
10	-4	8	5	-6	-2	-2	-31	32	
11	-4	9	5	-5	0	1	-16	40	
9	-6	10	5	-4	0	2	-10	35	
8	-6	12	4	-4	0	1	-10	38	
7	-4	12	5	-4	-5	0	-19	40	
9	-5	10	5	-5	-5	0	-26	35	
11	-6	10	5	-5	-6	-3	-31	32	
8	-6	10	5	-6	0	0	0	0	
-5	6	-8	3	11	29	57	171	96	
-5	5	-8	2	11	27	59	175	107	
-3	7	-7	-1	11	26	60	176	89	
-3	6	-7	-2	12	27	60	174	94	
-4	6	-7	0	12	26	60	176	91	
-5	7	-8	3	12	25	62	179	100	
-4	7	-8	4	12	25	63	177	96	
-2	7	-9	3	11	26	58	166	85	
-4	7	-9	0	10	24	51	148	78	
0	8	-6	0	8	16	34	100	53	
-5	7	-9	-1	3	4	6	28	28	
-2	6	-9	-1	5	9	14	81	49	
-1	5	-10	0	6	19	33	108	60	
-3	6	-9	1	6	21	53	156	82	
-3	5	-9	0	7	27	57	171	83	
-3	6	-8	0	11	28	61	179	85	
0	7	-8	4	11	28	65	179	88	
0	8	-7	6	7	28	63	182	77	
0	7	-10	5	10	29	62	179	78	
0	5	-10	5	11	28	62	179	80	
-2	6	-10	3	9	28	61	176	96	
1	6	-10	5	9	31	64	177	108	
-2	2	-11	4	9	31	64	182	84	
-1	7	-10	7	10	31	61	184	89	
0	8	-10	7	12	34	64	186	88	
0	7	-9	8	11	29	55	155	68	
0	6	-6	4	8	15	29	80	42	
0	7	-9	4	8	19	38	116	56	
0	7	-10	4	8	22	46	135	61	
1	7	-8	5	8	25	54	162	73	
2	6	-10	5	8	28	55	163	87	
3	6	-9	5	10	30	56	163	82	
3	6	-6	7	10	29	55	165	72	
1	7	-7	7	8	29	55	165	91	
1	7	-10	7	8	29	55	163	94	
0	7	-8	4	10	28	55	163	86	
0	6	-7	3	10	28	56	164	90	
2	7	-6	6	7	28	57	162	61	
1	5	-7	4	7	29	57	159	67	
0	3	-10	4	8	29	54	158	104	
2	4	-10	8	7	28	54	158	93	
3	4	-10	6	5	27	54	159	95	
4	5	-9	2	5	29	54	162	100	
5	6	-6	4	6	29	54	162	99	
2	5	-5	6	5	28	55	163	88	
3	5	-5	3	5	29	55	164	93	
3	6	-7	3	5	30	55	164	60	
1	5	-8	5	5	28	57	161	68	
3	7	-7	7	7	30	54	161	85	
2	6	-7	5	6	30	54	162	93	
1	6	-10	4	4	29	53	163	77	
1	6	-9	4	6	30	56	164	89	
1	6	-9	5	5	30	56	165	93	
2	6	-11	4	5	33	55	163	77	
3	7	-11	5	6	32	56	156	51	
2	7	-10	7	5	27	55	145	61	
2	7	-7	7	2	23	40	101	55	
0	1	-4	1	0	11	16	27	17	
0	2	-3	2	0	18	27	59	33	
3	2	-5	3	1	20	31	77	46	
3	2	-5	2	4	21	41	111	63	
1	2	-3	3	4	21	46	143	74	
0	1	-5	5	5	28	56	155	81	
2	2	-5	5	4	29	55	155	82	
1	4	-3	6	3	27	55	153	87	
1	3	-2	6	3	27	59	159	90	
5	3	-2	5	3	28	57	156	61	
7	3	-2	4	4	26	54	153	52	
7	3	-2	6	5	26	54	156	73	
6	4	-1	7	6	25	56	157	89	
4	3	-1	6	6	25	57	155	74	
3	2	-1	6	4	26	53	154	88	
5	5	-3	8	4	24	57	152	86	
5	2	-2	8	5	25	57	154	79	
4	1	-3	9	2	26	55	144	73	
8	2	-3	7	2	26	51	129	52	
5	2	0	3	-1	6	13	17	16	
5	2	0	3	0	8	18	56	22	
5	2	0	3	1	16	28	78	31	
4	2	0	2	3	22	39	118	57	
5	1	1	0	4	24	45	134	66	
6	1	1	1	5	27	54	154	86	
8	1	1	4	5	29	54	152	70	
8	1	1	4	4	29	52	150	67	
9	1	1	5	4	30	52	153	87	
9	1	1	7	4	29	51	152	78	
7	2	1	4	4	27	51	151	75	
7	3	0	2	3	27	51	148	53	
6	3	0	2	4	28	52	146	62	
6	3	1	3	5	28	55	148	85	
4	1	0	2	6	29	55	150	75	
4	-1	0	2	6	31	53	150	85	
6	-1	1	4	5	29	51	152	93	
5	0	1	0	6	29	51	153	60	
3	1	0	0	6	29	53	152	56	
3	1	0	1	6	29	52	152	75	
3	1	0	0	7	31	54	155	67	
4	2	0	0	7	31	58	157	59	
6	3	0	0	7	30	54	157	66	
5	4	1	0	5	31	52	157	81	
5	2	1	0	8	31	55	157	90	
4	3	-2	4	8	29	54	151	86	
2	5	-4	3	8	27	53	148	74	
1	5	-1	0	8	25	50	138	68	
2	5	-1	-1	6	17	34	90	51	
0	5	-1	0	2	9	7	20	23	
6	5	0	-1	3	12	14	43	32	
6	5	0	-2	5	17	20	75	38	
5	7	0	-1	10	20	30	93	43	
3	5	0	0	10	21	40	122	58	
4	4	0	0	8	23	44	143	73	
3	5	3	0	9	23	45	155	85	
4	6	4	0	9	26	47	153	73	
4	6	2	0	10	28	47	149	59	
2	6	2	2	10	25	47	150	71	
4	6	3	4	12	24	48	149	84	
6	6	1	3	11	26	47	147	71	
4	6	1	1	10	25	49	147	63	
3	6	4	1	10	23	49	152	82	
5	6	1	1	11	23	48	151	77	
7	6	-1	1	10	26	49	145	56	
6	5	0	1	10	26	49	150	64	
5	4	1	1	12	25	47	152	78	
9	3	0	2	12	26	46	149	79	
8	5	1	2	12	28	48	151	54	
7	8	1	3	10	28	47	151	48	
7	8	0	3	9	27	47	148	68	
8	7	-1	3	8	27	47	148	79	
7	6	-1	5	9	28	48	150	69	
5	8	2	1	8	28	46	151	53	
8	7	0	0	8	28	46	150	61	
10	8	0	0	10	29	47	149	67	
8	7	3	0	12	26	42	136	67	
7	7	0	0	8	19	29	92	42	
3	6	0	0	4	12	13	40	25	
5	6	1	0	4	12	19	62	37	
3	6	-1	-1	7	20	30	100	49	
2	5	-1	0	10	21	39	130	67	
0	6	0	0	10	20	43	143	67	
0	6	-1	0	8	24	48	153	83	
4	6	0	3	7	28	46	151	63	
4	6	-1	2	7	26	48	150	60	
3	7	-2	2	7	25	47	148	76	
3	6	-2	2	8	25	47	149	81	
5	6	-2	3	8	25	48	152	100	
5	9	0	5	10	25	47	150	83	
4	8	1	6	9	27	46	149	78	
4	8	1	6	6	26	45	151	94	
4	10	2	4	7	25	44	153	114	
4	8	0	4	9	27	43	153	100	
4	8	0	4	9	24	46	151	76	
5	8	0	5	9	24	48	151	75	
5	8	1	5	8	25	46	147	64	
5	8	0	4	8	24	45	147	71	
3	8	0	4	8	22	44	150	81	
0	8	-1	5	7	22	43	151	73	
0	7	0	5	7	23	45	152	76	
0	6	0	3	8	23	45	151	86	
0	6	0	5	9	24	44	152	77	
4	8	0	8	9	26	44	153	67	
4	8	1	5	10	24	46	152	71	
2	8	1	3	11	23	46	152	82	
-1	8	1	3	9	20	46	150	72	
-2	6	1	6	10	21	46	151	71	
0	7	1	7	12	26	48	154	77	
0	8	0	7	13	26	49	153	87	
1	7	0	9	12	25	49	149	104	
2	8	3	5	12	23	47	151	90	
0	8	2	5	10	20	39	130	61	
1	7	1	7	10	18	32	97	40	
2	8	3	3	10	16	29	84	29	
0	3	1	7	7	6	13	17	15	
2	3	2	8	8	9	19	42	23	
1	4	3	2	10	10	23	62	29	
0	4	2	1	10	12	37	109	57	
1	6	5	5	13	18	46	133	79	
1	7	5	8	13	23	54	156	86	
1	6	5	8	13	23	55	157	78	
2	6	5	7	14	23	52	155	84	
1	7	4	7	14	22	50	151	91	
0	7	4	6	14	23	52	150	82	
0	5	5	4	14	25	52	151	72	
0	5	5	5	14	23	52	151	70	
0	6	5	6	14	20	52	151	78	
0	6	5	6	14	20	53	148	78	
-1	6	4	5	14	20	52	150	82	
-1	6	4	5	14	20	53	154	95	
0	6	3	9	12	21	58	154	85	
0	5	2	9	13	21	59	151	58	
3	4	2	8	15	23	58	151	77	
2	5	2	8	13	22	56	152	96	
-2	5	2	8	13	20	55	152	83	
-4	4	2	7	13	20	54	153	91	
-5	7	3	6	13	16	53	151	64	
-3	7	3	5	13	16	53	148	66	
0	5	2	6	13	20	53	151	83	
1	6	5	8	12	20	51	151	81	
0	6	4	8	13	19	51	150	70	
-1	6	4	8	13	21	52	149	82	
0	6	5	7	12	23	51	149	68	
0	7	3	9	12	21	52	151	72	
0	7	3	11	12	21	52	151	79	
-1	7	4	10	12	20	47	138	72	
0	7	6	9	11	15	41	119	51	
-1	4	-1	6	8	13	18	51	29	
-1	2	0	7	6	16	24	72	45	
2	2	0	8	7	22	37	109	62	
4	3	0	9	9	27	49	141	75	
4	3	-1	11	13	29	51	148	73	
4	5	0	11	13	30	55	159	82	
5	5	6	13	12	30	53	162	73	
7	5	7	11	12	29	51	158	91	
4	6	3	11	13	28	54	157	98	
1	5	1	13	13	27	54	157	85	
4	4	2	14	13	28	53	155	80	
6	7	3	17	12	32	56	155	86	
6	7	1	17	12	33	59	159	101	
6	4	0	13	12	31	56	159	98	
6	4	1	12	11	28	55	157	84	
5	4	3	12	11	28	55	156	78	
4	3	2	14	12	29	55	155	103	
4	3	0	14	13	29	55	154	107	
4	2	0	13	13	29	55	156	78	
4	2	1	13	13	27	55	159	85	
3	2	4	13	14	28	55	161	81	
4	1	4	14	14	29	55	161	72	
4	1	2	15	13	29	53	149	89	
4	2	0	15	12	26	47	132	75	
4	3	0	11	11	18	33	88	53	
0	4	1	5	9	10	16	41	34	
3	4	0	6	10	15	33	80	50	
2	3	0	6	10	17	39	97	52	
1	3	0	5	10	21	47	130	55	
1	1	0	7	10	24	53	143	65	
1	0	2	8	14	29	56	157	75	
2	1	2	8	13	31	56	151	76	
2	2	2	9	13	30	56	153	82	
3	2	2	8	13	31	56	155	90	
3	0	2	6	12	31	56	153	69	
1	1	2	5	13	32	55	153	66	
0	1	4	4	13	31	55	155	70	
0	-1	4	4	11	31	53	155	79	
5	-1	2	6	12	35	53	152	104	
4	2	2	7	12	35	58	151	96	
1	2	4	6	13	34	58	153	73	
2	0	3	8	13	34	56	154	80	
0	0	2	8	12	34	56	155	85	
0	0	2	6	12	33	56	156	88	
0	0	3	6	12	33	56	154	77	
0	0	2	5	12	31	55	154	82	
1	-1	1	5	12	30	54	153	80	
1	-2	1	5	12	30	50	143	67	
0	-1	1	4	11	25	39	102	49	
0	0	1	5	10	23	33	0	0	
3	-2	4	7	10	14	18	26	14	
3	-2	4	6	13	24	33	73	44	
2	-3	5	6	14	26	39	94	54	
1	-4	5	6	14	30	51	128	64	
3	-2	1	8	15	35	56	137	66	
2	-2	1	8	15	37	62	156	70	
0	-3	5	8	15	36	62	165	76	
2	-3	6	8	15	35	62	164	86	
5	-3	6	8	16	35	61	163	81	
4	-3	5	8	16	36	61	162	79	
4	-3	8	8	16	36	62	163	84	
5	-3	7	8	16	35	62	164	81	
3	0	7	9	17	36	65	164	83	
3	1	7	9	17	36	65	165	80	
5	0	5	8	15	34	62	159	84	
2	0	5	8	16	33	62	160	75	
1	0	6	8	17	34	62	165	63	
3	-1	7	7	16	36	60	164	73	
5	0	6	8	15	38	60	163	54	
4	0	6	9	14	38	61	167	56	
0	-2	6	9	14	36	62	169	69	
0	-3	7	9	15	36	64	169	80	
0	-2	8	10	15	34	64	169	90	
2	-2	9	11	14	35	64	166	61	
3	-1	9	9	14	36	64	165	59	
2	-1	8	8	14	33	64	166	86	
2	-1	8	10	14	33	54	134	55	
2	-2	6	7	8	24	45	108	51	
1	1	6	6	6	16	27	49	19	
0	0	5	6	5	18	31	64	27	
0	0	6	8	7	21	41	103	54	
0	0	6	10	7	22	53	143	69	
0	-1	4	9	8	26	58	157	69	
1	0	5	9	13	31	65	174	70	
1	0	6	8	14	31	65	175	74	
0	0	7	7	13	28	62	172	78	
-1	0	6	8	14	25	61	169	70	
-1	2	6	8	13	28	63	174	44	
0	1	7	8	11	31	64	176	54	
0	1	8	8	11	29	64	174	89	
0	1	7	9	11	30	65	174	94	
-2	1	7	9	11	32	66	172	67	
-1	3	7	9	12	31	64	173	72	
-1	3	6	6	13	31	65	172	69	
-1	3	5	5	13	30	64	171	80	
0	3	6	7	10	30	62	170	69	
1	3	7	8	11	30	62	172	59	
0	3	7	8	17	33	64	172	70	
0	2	7	8	16	32	64	170	73	
0	1	8	9	15	31	64	172	78	
0	2	8	9	15	33	66	177	75	
1	2	7	9	14	32	65	177	66	
1	1	7	8	14	32	63	173	82	
1	1	7	9	14	31	63	171	88	
2	1	8	11	15	31	60	170	66	
1	2	11	10	15	31	60	170	66	
1	1	9	9	15	31	64	170	77	
0	1	4	7	15	30	61	156	72	
0	2	4	6	13	25	47	107	55	
3	5	4	9	7	8	16	30	26	
1	5	3	10	8	11	22	42	34	
1	4	7	8	11	16	36	79	41	
3	4	8	10	11	17	42	120	62	
2	4	8	11	11	23	53	137	71	
3	4	8	11	15	27	63	167	76	
2	4	8	9	15	27	65	176	76	
1	3	8	8	15	30	65	175	85	
1	2	8	9	15	32	63	173	58	
3	2	8	8	15	34	63	173	53	
4	2	7	8	15	33	68	168	68	
2	3	6	7	15	30	68	169	85	
2	4	7	5	15	31	67	171	104	
3	3	7	5	15	33	63	170	68	
2	3	7	0	15	34	64	170	49	
2	4	8	1	15	34	65	172	77	
0	4	8	5	15	31	64	172	77	
2	6	8	5	15	31	66	171	63	
4	7	8	6	15	32	66	172	80	
5	7	8	7	14	31	66	173	101	
5	6	8	8	14	29	65	174	76	
5	2	8	6	14	30	62	178	69	
4	2	8	5	14	32	62	177	79	
5	3	8	6	15	32	61	175	82	
4	3	8	7	15	29	61	174	80	
4	3	5	7	15	29	62	173	84	
4	3	5	7	15	29	62	170	81	
5	4	6	12	14	28	62	171	78	
3	4	6	13	14	27	63	173	84	
3	3	6	8	14	26	63	173	74	
3	2	7	7	16	28	60	173	61	
3	3	7	7	14	28	58	166	52	
3	4	7	7	11	24	50	129	62	
1	4	7	8	10	18	43	0	0	
0	0	8	4	6	7	10	16	12	
0	-1	6	4	5	11	20	45	30	
0	-1	4	3	6	13	28	65	40	
0	0	4	4	7	18	41	115	61	
0	-1	4	7	8	23	48	158	84	
0	0	5	7	10	27	58	170	84	
-1	0	5	8	9	27	59	173	76	
-1	0	3	6	10	27	59	171	86	
0	0	3	6	10	25	60	172	100	
0	0	3	6	8	24	60	175	76	
0	0	5	5	7	23	60	175	49	
0	2	8	6	8	27	60	175	85	
1	0	4	6	9	27	60	176	110	
1	-1	4	6	9	25	61	176	92	
1	-1	5	7	8	25	59	172	73	
2	0	6	8	8	26	57	172	79	
0	0	6	8	9	26	57	173	84	
0	0	4	6	9	26	58	172	81	
-1	-1	3	7	10	27	58	172	100	
0	0	6	7	11	26	60	172	86	
0	0	4	7	11	26	61	169	70	
0	0	2	8	10	27	59	170	90	
0	0	4	7	9	25	59	172	73	
0	1	2	4	9	25	59	166	58	
0	1	2	6	9	25	59	168	87	
-2	0	3	5	8	26	58	170	81	
-2	-1	3	6	9	27	58	169	58	
-2	0	5	7	9	27	62	168	60	
1	1	5	8	10	27	62	168	78	
1	1	4	8	7	18	48	140	73	
-2	0	4	7	6	11	40	114	56	
0	-1	5	7	6	9	18	58	36	
0	-1	5	7	8	13	31	91	57	
0	-2	3	7	9	19	49	143	70	
2	0	3	7	10	25	56	160	69	
1	0	3	9	12	30	62	176	73	
0	-1	2	11	12	29	61	176	80	
0	-1	2	11	12	27	60	174	83	
1	0	3	10	13	26	63	175	96	
1	0	2	9	15	27	64	170	102	
0	0	2	10	14	27	62	169	88	
0	0	2	10	15	27	61	173	81	
-2	-2	3	9	15	27	62	175	81	
-3	-2	3	9	15	28	63	173	84	
0	-1	2	9	16	28	64	172	98	
0	-1	0	8	15	27	63	173	94	
0	-3	0	9	15	30	61	173	88	
0	-3	2	11	17	30	65	173	106	
0	-1	2	9	17	31	64	171	121	
-1	0	3	7	16	31	63	171	91	
-2	-1	2	10	14	30	64	171	82	
-1	-1	3	10	14	32	64	174	76	
0	-3	5	6	14	31	62	175	54	
0	-3	5	8	15	30	61	174	64	
2	-1	6	8	13	31	63	175	84	
2	-3	8	8	13	30	63	179	82	
0	-3	7	9	15	28	63	173	64	
-1	-2	6	9	15	24	59	159	69	
0	-1	6	9	13	16	37	98	48	
2	-2	5	5	16	14	25	65	31	
2	0	5	7	17	21	49	133	58	
2	0	6	9	18	24	56	160	66	
4	-1	4	7	19	27	59	175	83	
3	0	4	6	17	25	61	174	85	
2	-1	7	7	17	24	61	177	74	
3	-2	7	9	18	25	60	174	76	
9	-1	5	10	17	27	60	174	99	
9	-2	6	10	17	28	60	177	107	
6	-4	5	10	18	27	60	174	98	
6	-3	5	8	17	27	60	174	79	
6	-2	7	8	17	27	61	174	80	
5	-2	6	7	16	26	61	173	105	
4	-1	6	9	16	25	60	174	95	
3	-1	6	6	16	24	59	173	82	
3	-2	6	3	17	24	59	170	101	
3	-1	5	5	17	27	62	172	68	
3	-1	5	6	15	29	63	174	64	
1	-1	5	5	14	26	60	175	84	
1	-3	6	3	15	26	60	176	94	
5	-5	6	5	15	28	59	177	100	
8	-3	6	5	14	29	58	176	95	
7	-3	6	5	15	30	61	176	93	
6	-4	5	4	15	29	61	176	82	
6	-4	7	4	16	29	60	176	87	
5	-3	7	4	18	27	61	176	105	
6	-3	8	5	17	27	61	172	110	
5	-3	11	6	16	28	63	177	81	
5	-4	9	5	16	27	63	177	88	
6	-4	6	4	16	27	61	174	108	
8	-5	4	5	16	28	60	174	86	
8	-5	5	5	14	28	62	176	74	
5	-6	7	3	15	26	62	176	83	
5	-6	9	3	17	27	61	175	80	
5	-6	8	3	16	27	59	176	82	
5	-7	6	3	15	24	58	176	66	
6	-7	7	2	16	24	60	175	68	
6	-7	7	2	16	25	62	177	85	
6	-7	7	4	16	25	60	177	91	
4	-7	7	3	16	27	60	177	66	
5	-6	8	3	16	28	64	177	57	
6	-5	10	5	18	28	64	175	75	
4	-6	8	4	18	28	62	173	86	
4	-6	8	5	16	26	60	173	102	
5	-5	9	7	15	26	59	174	95	
4	-5	8	6	15	27	61	175	85	
4	-5	8	6	15	27	61	175	81	
4	-5	8	9	15	26	61	176	79	
2	-5	8	9	14	23	62	175	59	
2	-6	9	8	14	22	61	176	65	
4	-6	9	7	16	26	61	176	84	
2	-5	11	6	18	28	61	180	85	
3	-5	11	5	16	26	62	180	89	
6	-5	7	5	15	27	62	175	103	
6	-5	7	9	15	28	63	177	95	
4	-6	7	8	16	24	62	178	76	
3	-7	7	3	15	25	61	175	61	
4	-6	6	4	14	27	60	177	51	
5	-6	6	4	15	26	61	176	76	
5	-7	10	3	14	25	64	178	76	
5	-7	9	3	14	24	66	182	90	
5	-6	9	4	16	26	66	182	112	
4	-6	8	3	18	25	64	179	81	
4	-6	5	3	18	25	62	176	77	
5	-6	7	7	17	26	62	176	88	
5	-7	8	6	16	25	62	173	88	
5	-6	9	6	15	22	60	170	74	
5	-4	10	6	15	21	63	174	62	
5	-5	8	7	15	23	65	177	78	
7	-5	4	7	17	23	65	177	88	
6	-4	6	5	18	22	66	175	82	
4	-3	7	5	17	22	66	175	57	
4	-5	6	6	17	22	66	177	74	
5	-4	8	11	17	23	67	179	69	
5	-4	8	11	17	24	63	180	42	
5	-5	11	8	17	24	64	184	58	
7	-4	11	7	17	22	64	180	69	
9	-5	9	8	16	21	63	178	75	
7	-7	9	9	17	20	63	180	76	
6	-7	8	9	17	20	63	176	62	
5	-6	7	9	17	21	66	174	69	
4	-6	5	8	19	20	67	176	80	
4	-8	5	8	18	18	65	174	75	
6	-9	5	9	17	19	64	177	64	
7	-9	4	8	17	20	66	179	33	
3	-7	5	5	17	19	67	177	38	
2	-7	9	4	17	20	65	180	88	
7	-7	9	6	18	24	65	184	77	
7	-7	6	5	18	23	66	183	37	
8	-6	6	6	17	23	68	179	53	
7	-5	7	7	16	23	70	181	73	
5	-6	7	8	17	23	66	181	87	
5	-7	7	11	17	24	64	183	50	
6	-8	6	9	17	24	67	180	40	
4	-8	7	7	17	19	68	180	77	
5	-8	9	9	16	19	66	180	89	
7	-8	9	10	15	23	63	177	79	
7	-5	7	10	13	23	67	176	100	
8	-5	7	7	14	24	70	179	84	
7	-9	9	6	15	24	68	182	82	
7	-9	9	8	14	24	67	180	53	
8	-8	8	8	12	24	67	176	58	
9	-7	10	8	12	23	67	180	83	
10	-7	12	8	14	23	67	182	72	
9	-7	10	8	14	23	67	180	81	
8	-9	9	7	15	23	65	182	87	
6	-9	9	6	15	23	65	182	84	
7	-8	9	7	16	24	65	181	87	
9	-6	11	9	16	25	63	181	76	
8	-5	9	8	16	25	64	179	72	
7	-6	9	6	15	24	68	179	86	
7	-7	9	7	15	24	68	180	72	
7	-10	9	8	17	24	64	180	69	
7	-10	9	7	18	24	64	180	89	
5	-10	8	8	19	24	66	179	85	
5	-10	8	8	19	23	63	179	70	
5	-9	11	8	16	20	61	180	76	
5	-9	11	8	16	22	60	179	75	
6	-9	6	4	16	25	60	179	68	
7	-10	7	5	16	25	62	177	73	
6	-10	8	5	16	22	62	174	84	
6	-8	8	5	16	21	61	178	90	
8	-8	10	6	17	24	61	180	82	
8	-8	10	7	19	24	61	178	85	
8	-7	10	9	18	20	62	177	62	
8	-7	10	9	18	20	63	179	62	
9	-7	10	9	16	21	62	180	88	
7	-7	11	9	18	21	62	179	57	
6	-7	10	9	21	22	65	181	61	
8	-9	9	9	19	22	62	176	51	
8	-10	9	10	17	22	61	179	74	
5	-7	8	10	17	23	65	179	86	
6	-4	8	10	19	23	65	179	76	
8	-4	10	8	17	23	65	179	82	
7	-5	10	7	16	22	65	178	88	
6	-7	10	9	18	21	64	179	86	
7	-7	9	11	18	23	65	180	63	
7	-7	9	8	18	24	65	180	31	
9	-7	7	5	19	23	66	180	50	
9	-8	8	5	16	22	65	179	76	
6	-9	8	6	14	21	64	181	87	
7	-8	9	7	15	21	65	187	92	
8	-8	10	7	16	20	65	186	86	
8	-8	9	6	16	21	66	181	89	
8	-7	11	7	15	21	65	182	84	
8	-8	11	8	14	21	62	181	57	
4	-9	10	5	15	21	63	183	62	
3	-8	8	5	15	20	62	186	77	
6	-9	6	9	14	25	63	182	73	
7	-9	5	6	15	26	62	180	82	
6	-8	8	3	16	25	64	185	91	
6	-6	9	6	18	24	66	184	69	
7	-6	9	7	18	23	64	181	68	
